0.05  -5.9204729053752455E-6
0.15000000000000002  -4.1974900743960803E-4
0.25  -0.0027440119622159625
0.35  -0.00865712869883085
0.44999999999999996  -0.01888024838080344
0.5499999999999999  -0.032811072585724826
0.6499999999999999  -0.04893233110534316
0.7499999999999999  -0.06560096236716337
0.8499999999999999  -0.0816674053035405
0.9499999999999998  -0.09650694284366339
1.0499999999999998  -0.10938373229516297
1.15  -0.11844620342562046
1.25  -0.11989659231232147
1.35  -0.10787914807944386
1.4500000000000002  -0.07538681808122603
1.5500000000000003  -0.01609080392499853
1.6500000000000004  0.07339461083608087
1.7500000000000004  0.19153633684411858
1.8500000000000005  0.3309083626081103
1.9500000000000006  0.47866811613151555
2.0500000000000007  0.6185024362862608
2.150000000000001  0.7336086673306401
2.250000000000001  0.8099478062986448
2.350000000000001  0.8389089510601121
2.450000000000001  0.8186871380016211
2.550000000000001  0.7540465107814234
2.6500000000000012  0.6546009929076178
2.7500000000000013  0.5321544028706382
2.8500000000000014  0.39788064209304325
2.9500000000000015  0.2601276974469653
3.0500000000000016  0.12340516494148539
3.1500000000000017  -0.011260902932037365
3.2500000000000018  -0.14483338873526172
3.350000000000002  -0.27818298055409196
3.450000000000002  -0.4101234722641221
3.550000000000002  -0.5362052262266443
3.650000000000002  -0.6486636751053114
3.750000000000002  -0.7375694202701231
3.8500000000000023  -0.7928746150065993
3.9500000000000024  -0.8067957595201787
4.0500000000000025  -0.7758822430220883
4.150000000000002  -0.7022105431691219
4.250000000000002  -0.5933828647782565
4.350000000000001  -0.46132470036841117
4.450000000000001  -0.3201803624891209
4.550000000000001  -0.18381932409951265
4.65  -0.06353862043288104
4.75  0.033532515843733075
4.85  0.10502012471647887
4.949999999999999  0.15284199447931973
5.049999999999999  0.18190371783268783
5.149999999999999  0.19834651631925615
5.249999999999998  0.20780884564673774
5.349999999999998  0.21411380276362993
5.4499999999999975  0.21864754864243793
5.549999999999997  0.22049576163834805
5.649999999999997  0.21720980578878746
5.7499999999999964  0.20593034442215274
5.849999999999996  0.1845345578223026
5.949999999999996  0.15250126856570953
6.049999999999995  0.11129024359478529
6.149999999999995  0.06417488813893293
6.249999999999995  0.01561163500817203
6.349999999999994  -0.02966156204609989
6.449999999999994  -0.06755482772181108
6.549999999999994  -0.09535622462919636
6.649999999999993  -0.11210405279952144
6.749999999999993  -0.11854586467624507
6.8499999999999925  -0.11673409806794402
6.949999999999992  -0.10939093836152028
7.049999999999992  -0.09921681054057427
7.1499999999999915  -0.0883117798583478
7.249999999999991  -0.07783331842748725
7.349999999999991  -0.06794293299994698
7.44999999999999  -0.05801810054578625
7.54999999999999  -0.047043942905622936
7.64999999999999  -0.034064682141662236
7.749999999999989  -0.018573499909055158
7.849999999999989  -7.476897199073997E-4
7.949999999999989  0.01851620555565515
8.049999999999988  0.037758990362601746
8.149999999999988  0.05525309487567107
8.249999999999988  0.06935268923668964
8.349999999999987  0.07881262857403627
8.449999999999987  0.08300536348115027
8.549999999999986  0.08199608838545537
8.649999999999986  0.07647337762906209
8.749999999999986  0.06756590687044424
8.849999999999985  0.05659811005778828
8.949999999999985  0.044844867370057405
9.049999999999985  0.03333770111076155
9.149999999999984  0.022756138937192548
9.249999999999984  0.013413755470711433
9.349999999999984  0.005325315277580228
9.449999999999983  -0.0016752692266426767
9.549999999999983  -0.007803671898094616
9.649999999999983  -0.013215375648313654
9.749999999999982  -0.017941526798025097
9.849999999999982  -0.021879592023299792
9.949999999999982  -0.02483287990250801
10.049999999999981  -0.02658140473253055
