0.4734229950840336  0.8889350787419665
-0.41296788056365497  -0.2908201171409972
-0.749116393816889  -0.3525948681801148
0.49669054262026835  0.972032014363407
0.2647289520765964  0.3599187450466008
0.766170749414029  2.6138285276473168
0.9825146677735229  5.643323657454665
-0.8946508141734328  -0.23006984837155353
0.9155226592000724  4.455690022215338
-0.8129164923722924  -0.3189997926109965
0.41518443166666563  0.7063044250854325
-0.8774311308107445  -0.25408852622785805
-0.7939045878837822  -0.33174678103010846
-0.2914155211576782  -0.2255176871552405
0.26647052881119804  0.36314168710567735
-0.14699849841032298  -0.12815798403071113
-0.7639395292373418  -0.34700180445706325
0.08893749363931547  0.09761948165361616
0.4498654870527441  0.8109591268348342
0.6818172318047182  1.927570004040583
-0.724922910771103  -0.35927191696607547
0.8245256484789742  3.2223994411102908
-0.4439319179030121  -0.305093322690479
0.18274759638260607  0.22360385663016913
0.868868268991124  3.7750995184169223
-0.48990504043843097  -0.324270333872011
0.2506626438467603  0.33442943307163764
-0.540227707021716  -0.3420266241547411
0.6575882302462008  1.765175348432669
-0.808405771740813  -0.32225682272427814
-0.8630619352790634  -0.2717943087864829
0.37562541998681376  0.5999128621704988
-0.4631259412168527  -0.31340854841797183
0.4219166375103576  0.725737172371179
-0.43423892415341614  -0.3007361751919332
0.1129676900421267  0.12735438606223304
-0.6639253767473582  -0.36483709899157846
0.6223306102469602  1.5520910878045266
0.5170626068850994  1.0502015186439058
0.09682486450135075  0.10720488298792098
0.7440124027267966  2.4134444997943016
-0.10663850790473339  -0.09636240770957163
-0.3264350960231547  -0.2458017843813723
0.9879478701655346  5.751928327313512
-0.6035912479180173  -0.3581982029922847
0.1537728701815172  0.18171343326910477
0.9654977168175988  5.315708222914452
-0.040326517725105315  -0.03876332753667904
0.856843334729646  3.616717779790478
0.6964988391588351  2.0328916967543527
-0.9525928432406142  -0.12332522951075997
0.891657335337555  4.093918356786023
-0.3663493359893629  -0.2674745503728251
0.9930948641275417  5.856649502352431
-0.18756137424248487  -0.1579313814127315
-0.18377994047515156  -0.15524241737814615
0.6434366308769712  1.676493444753237
-0.9912605993808637  -0.025539421208726987
0.7039642217498272  2.0885624907375036
-0.6704610130931562  -0.3649060777196089
-0.029888571545194642  -0.02902117020197982
-0.020635269174324344  -0.020218063980313658
0.16807374786056806  0.202025069710286
0.46697520365765466  0.867000654627839
-0.7688338973859354  -0.3448838519334412
0.1505049050751025  0.17716777496819683
-0.1059888078395832  -0.09583158241419487
0.7492531244187722  2.459440244971814
0.17126759915118317  0.20665690946884865
0.4057219626097863  0.6796688859605751
-0.26698504708022996  -0.2106483826952185
0.5199360390722826  1.0616588873327029
0.08953789946094026  0.09834330640565686
-0.04655640310870113  -0.0444853258709467
0.3642198128272086  0.571533327764935
-0.02449793505034803  -0.02391213706433543
0.8202657530675082  3.1736533640554443
0.2871425931754934  0.4025793142704243
-0.6731689519924455  -0.3648923376036397
0.022665786021784706  0.023191438194362334
-0.37654740290977995  -0.2727650798078505
-0.152381626305651  -0.13223025692836293
0.6136803234950222  1.5036804547865468
-0.39868870501955966  -0.28389986513635435
0.7929220794949724  2.877444520149338
-0.6546037896278524  -0.36449739081244903
-0.4932870704975575  -0.32557696829926086
-0.5285775728434274  -0.3382552459223639
-0.7564706698600783  -0.3499709008167041
-0.10899185212293216  -0.0982799550835388
0.04743105477643028  0.04979277822797517
-0.4132566797588967  -0.2909579279459529
-0.3935435916172042  -0.28135580789949655
-0.20071031440569664  -0.1671487205250552
-0.2765052148969662  -0.21651430699868507
0.8336395354543348  3.3291519873688697
0.48399879670126256  0.9259224215980724
-0.36688163996123235  -0.2677531983524822
0.3501306770883704  0.5377782707679929
0.6869607330052077  1.9638527582292913
-0.7234640815372984  -0.3595843039772254
0.1629957719529822  0.19473344329824813
0.025843143354375098  0.026528729095706114
0.2232669367105211  0.2874079815030127
-0.9090201606084298  -0.20751039460532195
0.546034181684448  1.1709292162265883
0.11237009735648806  0.1265954096286894
0.11678943775716766  0.13223250081715032
0.08483442950234954  0.09269841503442602
0.42553550149396635  0.7363532830834469
0.9969387448042688  5.936040633573926
0.1789918918141148  0.21800759803703568
0.7516572298285844  2.4808249766082846
-0.40902475265907645  -0.2889299186194886
-0.15156198709775348  -0.13161267191786502
-0.04840645119775233  -0.04617145432450124
-0.2177262486042898  -0.17877832136775212
0.3996734649752688  0.6630464943109737
0.8350080817442657  3.3454765612815756
-0.37694228789707573  -0.27296789879385297
0.04850693703037645  0.05097981087441324
0.5917537480649976  1.3872626431002404
0.9151666609354212  4.450073287235261
0.873170699264535  3.8333866504480003
-0.3588294253708727  -0.2635087528980923
-0.4533940505448294  -0.3092454875281115
0.8507824855558608  3.539355865820145
-0.060161012797842583  -0.05674704994734954
-0.38336607206349815  -0.2762457930374006
0.4863401671056584  0.9342850187763196
0.39203557655929755  0.6424920945611232
0.7587624926480488  2.545092156620717
-0.3600254465892814  -0.2641431585160445
-0.9088701775990662  -0.20775829031223425
-0.48620396232800656  -0.32282317884096784
-0.11679676078424417  -0.10458166462485595
-0.2657225879550603  -0.20986355941108792
0.9207071118255483  4.538266470092464
-0.2076540139916344  -0.17193448024836244
-0.4704467991307113  -0.3164662325042895
-0.3551171845349098  -0.26153087631200933
0.8777189590443786  3.895953268005579
0.2706600218716607  0.37095678741164606
0.4461976270966582  0.7993400677478634
0.7702944627536238  2.6528708702832846
-0.5293903643286528  -0.3385254180589038
-0.8290635122676202  -0.3060795796196646
-0.4900050499157127  -0.3243091893669045
0.7129969340902484  2.1579006589985017
0.45349606093513783  0.8225949034614352
0.8185395231758779  3.154105335923263
0.44493884102114134  0.795383686840863
0.8008969290918196  2.960930276581939
-0.9601013632366124  -0.10616711616584817
-0.055246195085491445  -0.05235384289656798
-0.8893666229019787  -0.2377791614196234
-0.2655335452897776  -0.20974589784383085
-0.030960082189533167  -0.030030340356646167
-0.6688904031244113  -0.3649025790595219
-0.6948159015205739  -0.3638372976494444
-0.5919199003427481  -0.35583507960767824
-0.3105758741482769  -0.23676397261313323
-0.21875139217188266  -0.17946844963882108
0.6659712091912542  1.8198119862841333
0.048459990290381616  0.05092795801363065
0.7716382808099345  2.6657162990017973
0.01796078486585606  0.018289274591544412
0.18483405535161423  0.22673504266882158
-0.3106961742730927  -0.23683344773319162
-0.440239592982991  -0.30344577887161356
0.774346442048278  2.691787995973465
0.4968935261583868  0.9727851944307812
-0.04354279689905627  -0.04172593278558384
0.4852248128469443  0.9302933561094467
-0.645404563624298  -0.3638968327772238
-0.6492258808844034  -0.36417742051272
-0.8740422356175567  -0.2584495383204708
0.051221611890854835  0.05398690738294567
-0.20047250762727586  -0.16698382775446757
0.11876142690866187  0.13476610910768255
0.6603144417882604  1.7827683011918722
-0.4463425944669641  -0.306160780569408
-0.5849329141894342  -0.35427652525601283
0.853527805794107  3.574196311555819
0.3422525141490437  0.5195039747699304
-0.6832477689232576  -0.364615202534628
-0.3892869103449208  -0.27923106854004154
-0.7904986086829473  -0.33376706864969347
-0.945649949266172  -0.13845826269134798
-0.9162003780455417  -0.19532548327285937
0.34019270611442254  0.5147948323112457
0.910746926960465  4.380907852247332
-0.5038286887011875  -0.3295506236893064
-0.01694416294641443  -0.016661841980508293
0.951073089929295  5.05233845211507
-0.5459234841245635  -0.3437891157612057
-0.7594688706885847  -0.3488165519403549
0.3886759961841305  0.6336017647662762
0.6966533826191336  2.0340294387067583
0.9596495642414599  5.207381901288812