1.5406455993652344 0.6516443490982056
2.863344669342041 0.5423709154129028
3.9998385906219482 0.5423709154129028
5.255668640136719 0.5423709154129028
6.556368350982666 0.5423709154129028
7.991803407669067 0.5423709154129028
9.246997833251953 0.5423709154129028
10.540666103363037 0.5423709154129028
11.944414854049683 0.5423709154129028
13.175101041793823 0.5423709154129028
14.693900346755981 0.5416687726974487
16.048582792282104 0.5416687726974487
17.222654104232788 0.5416687726974487
18.534541130065918 0.520315945148468
19.727444648742676 0.520315945148468
20.94784426689148 0.520315945148468
22.424317836761475 0.520315945148468
23.823310136795044 0.520315945148468
25.12606930732727 0.520315945148468
26.51310896873474 0.520315945148468
27.92204785346985 0.520315945148468
29.461342811584473 0.520315945148468
30.75159001350403 0.520315945148468
32.00913739204407 0.520315945148468
33.49175262451172 0.520315945148468
34.78519654273987 0.520315945148468
36.15770959854126 0.5038950443267822
37.83164381980896 0.5038950443267822
39.50788974761963 0.5038950443267822
40.71789479255676 0.5038950443267822
42.37501573562622 0.5038950443267822
43.85973644256592 0.5038950443267822
45.75680470466614 0.5038950443267822
47.42666244506836 0.5038950443267822
48.9862756729126 0.5038950443267822
50.57045936584473 0.5038950443267822
52.071356773376465 0.5038950443267822
53.340890884399414 0.49965590238571167
55.16066122055054 0.49965590238571167
56.418076276779175 0.49965590238571167
58.25927376747131 0.49965590238571167
60.195738554000854 0.49965590238571167
61.57136797904968 0.49965590238571167
63.2565062046051 0.49965590238571167
64.89057540893555 0.49965590238571167
66.50176858901978 0.49965590238571167
67.82216334342957 0.49965590238571167
69.28525471687317 0.49965590238571167
70.4056248664856 0.49965590238571167
71.82901406288147 0.49965590238571167
73.36677408218384 0.49965590238571167
75.00885915756226 0.49965590238571167
75.70400285720825 0.49965590238571167
76.32651972770691 0.49965590238571167
77.05993795394897 0.49965590238571167
77.9967942237854 0.49965590238571167
79.27201461791992 0.49965590238571167
80.79732322692871 0.49965590238571167
82.0988302230835 0.49965590238571167
83.35066342353821 0.49965590238571167
84.98884892463684 0.49965590238571167
86.3236711025238 0.49965590238571167
88.22761511802673 0.49965590238571167
89.64773726463318 0.49965590238571167
91.18827509880066 0.49965590238571167
92.87675142288208 0.49965590238571167
94.23794674873352 0.49965590238571167
95.33053994178772 0.49965590238571167
96.75775527954102 0.49965590238571167
98.11786103248596 0.49965590238571167
99.52453279495239 0.49965590238571167
100.8290627002716 0.49965590238571167
102.17707753181458 0.49965590238571167
103.72468709945679 0.49916723370552063
104.94677662849426 0.49916723370552063
106.12009000778198 0.49916723370552063
107.62872505187988 0.49916723370552063
108.94536805152893 0.49916723370552063
109.86231803894043 0.49916723370552063
110.77476763725281 0.49916723370552063
111.62105751037598 0.49916723370552063
112.57944011688232 0.49916723370552063
113.44902658462524 0.49916723370552063
114.31999182701111 0.49916723370552063
115.52664923667908 0.49916723370552063
116.70909333229065 0.49916723370552063
117.9040470123291 0.49916723370552063
119.26789569854736 0.49916723370552063
120.61801791191101 0.49916723370552063
121.64508605003357 0.49916723370552063
122.48780131340027 0.49916723370552063
123.2904405593872 0.49916723370552063
124.40535068511963 0.49916723370552063
125.30692052841187 0.49916723370552063
126.56177878379822 0.49916723370552063
127.9374406337738 0.49916723370552063
129.18418979644775 0.49916723370552063
130.37066984176636 0.49916723370552063
131.79724216461182 0.49916723370552063
133.1123297214508 0.49916723370552063
134.32457041740417 0.49916723370552063
135.5992033481598 0.49916723370552063
136.7295937538147 0.49916723370552063
138.21710896492004 0.49916723370552063
139.53674745559692 0.49262192845344543
140.92399430274963 0.49262192845344543
142.3787145614624 0.49262192845344543
143.69570112228394 0.49262192845344543
144.9844183921814 0.49262192845344543
146.43329191207886 0.49262192845344543
147.81074833869934 0.49262192845344543
149.2326831817627 0.49262192845344543
150.51686882972717 0.49262192845344543
151.74332690238953 0.49262192845344543
153.51149129867554 0.49262192845344543
154.8516721725464 0.49262192845344543
156.09130024909973 0.49262192845344543
157.47805976867676 0.49262192845344543
158.73086643218994 0.49262192845344543
159.87038898468018 0.49262192845344543
161.3969624042511 0.49262192845344543
163.1006214618683 0.49262192845344543
164.7236144542694 0.49262192845344543
165.5434594154358 0.49262192845344543
166.71306824684143 0.49262192845344543
168.46505641937256 0.49262192845344543
170.203191280365 0.49262192845344543
171.51768803596497 0.49262192845344543
173.10049271583557 0.49262192845344543
174.5535638332367 0.49262192845344543
175.878910779953 0.49262192845344543
177.50814723968506 0.49262192845344543
178.98752570152283 0.49262192845344543
180.85434675216675 0.49262192845344543
182.27890610694885 0.49262192845344543
183.62971758842468 0.49262192845344543
185.23389601707458 0.49262192845344543
186.60971021652222 0.49262192845344543
187.97578048706055 0.49262192845344543
189.64688730239868 0.49262192845344543
191.59028673171997 0.49262192845344543
193.15915179252625 0.49262192845344543
194.50173449516296 0.49262192845344543
195.87839007377625 0.49262192845344543
197.68365621566772 0.49262192845344543
199.15984416007996 0.49262192845344543
200.66956448554993 0.49262192845344543
202.02955055236816 0.49262192845344543
203.3847849369049 0.49262192845344543
205.0385513305664 0.49262192845344543
206.94137263298035 0.49262192845344543
208.40048551559448 0.49262192845344543
210.04988956451416 0.49262192845344543
210.83456945419312 0.49262192845344543
211.6426408290863 0.49262192845344543
212.74861550331116 0.49262192845344543
214.3567922115326 0.49262192845344543
216.09167385101318 0.49262192845344543
217.61875104904175 0.49262192845344543
218.9050326347351 0.49262192845344543
220.61113572120667 0.49262192845344543
222.46083331108093 0.49262192845344543
223.74807953834534 0.49262192845344543
225.42665314674377 0.49262192845344543
226.72288393974304 0.49262192845344543
228.04552507400513 0.49262192845344543
229.59976863861084 0.49262192845344543
230.99654865264893 0.49262192845344543
232.27893567085266 0.49262192845344543
233.97590517997742 0.49262192845344543
235.34110760688782 0.49262192845344543
237.00295186042786 0.49262192845344543
238.44728183746338 0.49262192845344543
240.13930225372314 0.49262192845344543
242.14481711387634 0.49262192845344543
243.34693551063538 0.49262192845344543
245.1286690235138 0.49262192845344543
246.32564067840576 0.49262192845344543
247.1200520992279 0.49262192845344543
247.90769696235657 0.49262192845344543
248.76219272613525 0.49262192845344543
249.66291522979736 0.49262192845344543
250.71020579338074 0.49262192845344543
251.78664588928223 0.49262192845344543
253.59904026985168 0.49262192845344543
255.49942755699158 0.49262192845344543
257.0246694087982 0.49262192845344543
258.91650223731995 0.49262192845344543
260.76550340652466 0.49262192845344543
262.40320324897766 0.49262192845344543
264.0883150100708 0.49262192845344543
265.63062500953674 0.49262192845344543
267.156790971756 0.49262192845344543
268.93446469306946 0.49262192845344543
270.286217212677 0.49262192845344543
271.96947717666626 0.49262192845344543
273.5415918827057 0.49262192845344543
274.34567952156067 0.49262192845344543
275.8862648010254 0.49262192845344543
277.504656791687 0.49262192845344543
278.93510007858276 0.49262192845344543
280.2680666446686 0.49262192845344543
281.72730803489685 0.49262192845344543
283.1367754936218 0.49262192845344543
284.6655201911926 0.49262192845344543
285.9128348827362 0.49262192845344543
287.7028510570526 0.49262192845344543
289.3644058704376 0.49262192845344543
290.95645451545715 0.49262192845344543
292.40432476997375 0.49262192845344543
293.9703276157379 0.49262192845344543
295.31754779815674 0.49262192845344543
297.3026673793793 0.49262192845344543
299.10022735595703 0.49262192845344543
300.6812162399292 0.49262192845344543
301.98865962028503 0.49262192845344543
302.6632146835327 0.49262192845344543
303.2291193008423 0.49262192845344543
303.9825315475464 0.49262192845344543
305.25394678115845 0.49262192845344543
306.8537471294403 0.49262192845344543
308.34156703948975 0.49262192845344543
309.6589798927307 0.49262192845344543
311.439817905426 0.49262192845344543
312.84774923324585 0.49262192845344543
314.3021025657654 0.49262192845344543
316.20745849609375 0.49262192845344543
317.9074194431305 0.49262192845344543
319.1654214859009 0.49262192845344543
320.64687848091125 0.49262192845344543
322.2409701347351 0.49262192845344543
323.8132314682007 0.49262192845344543
325.30213713645935 0.49262192845344543
326.94335317611694 0.49262192845344543
328.52042865753174 0.49262192845344543
329.86249470710754 0.49262192845344543
331.1317014694214 0.49262192845344543
332.7760841846466 0.49262192845344543
334.24052929878235 0.49262192845344543
335.3715171813965 0.49262192845344543
336.7663526535034 0.49262192845344543
338.13630414009094 0.49262192845344543
339.86060309410095 0.49262192845344543
341.33668637275696 0.49262192845344543
342.5679204463959 0.49262192845344543
344.18039083480835 0.49262192845344543
344.9484407901764 0.49262192845344543
345.619788646698 0.49262192845344543
346.83901143074036 0.49262192845344543
348.3147015571594 0.49262192845344543
349.8289153575897 0.49262192845344543
351.4529013633728 0.49262192845344543
352.9118628501892 0.49262192845344543
355.0048623085022 0.49262192845344543
356.3999059200287 0.49262192845344543
357.79941844940186 0.49262192845344543
359.6033134460449 0.49262192845344543
361.254864692688 0.49262192845344543
362.5331645011902 0.49262192845344543
364.2523012161255 0.49262192845344543
366.08329010009766 0.49262192845344543
367.44611644744873 0.49262192845344543
369.22198510169983 0.49262192845344543
370.82358288764954 0.49262192845344543
372.76876759529114 0.49262192845344543
374.4353964328766 0.49262192845344543
375.8354182243347 0.49262192845344543
377.54210352897644 0.49262192845344543
379.07431292533875 0.49262192845344543
380.538382768631 0.49262192845344543
382.41867685317993 0.49262192845344543
383.7458646297455 0.49262192845344543
385.29521107673645 0.49262192845344543
386.8318610191345 0.49262192845344543
387.6745812892914 0.49262192845344543
388.44346594810486 0.49262192845344543
389.15242528915405 0.49262192845344543
390.277179479599 0.49262192845344543
391.78795337677 0.49262192845344543
393.3238673210144 0.49262192845344543
395.0579960346222 0.49262192845344543
396.5386538505554 0.49262192845344543
398.030882358551 0.49262192845344543
400.0184597969055 0.49262192845344543
401.5350606441498 0.49262192845344543
402.8256571292877 0.49262192845344543
404.7701528072357 0.49262192845344543
406.0938045978546 0.49262192845344543
407.74507212638855 0.49262192845344543
409.425763130188 0.49262192845344543
411.0426962375641 0.49262192845344543
412.3652973175049 0.49262192845344543
414.2540786266327 0.49262192845344543
415.8478856086731 0.49262192845344543
417.697416305542 0.49262192845344543
419.35871267318726 0.49262192845344543
420.97793436050415 0.49262192845344543
422.76247000694275 0.49262192845344543
424.3725390434265 0.49262192845344543
425.895067691803 0.49262192845344543
427.8241901397705 0.49262192845344543
429.4133758544922 0.49262192845344543
430.3241138458252 0.49262192845344543
431.1051723957062 0.49262192845344543
431.7775881290436 0.49262192845344543
432.99626636505127 0.49262192845344543
434.5657889842987 0.49262192845344543
436.12130999565125 0.49262192845344543
437.72580647468567 0.49262192845344543
439.86647391319275 0.49262192845344543
441.2958390712738 0.49262192845344543
442.83490538597107 0.49262192845344543
444.16394901275635 0.49262192845344543
445.7778215408325 0.49262192845344543
447.16234588623047 0.49262192845344543
448.4245138168335 0.49262192845344543
449.92053151130676 0.49262192845344543
451.4201238155365 0.49262192845344543
452.94715332984924 0.49262192845344543
454.70442152023315 0.49262192845344543
456.30842423439026 0.49262192845344543
457.8965711593628 0.49262192845344543
459.7590889930725 0.49262192845344543
461.1047704219818 0.49262192845344543
462.65206813812256 0.49262192845344543
463.9830844402313 0.49262192845344543
465.32560777664185 0.49262192845344543
467.12549328804016 0.49193698167800903
468.4620416164398 0.49193698167800903
469.71537232398987 0.49193698167800903
471.37345695495605 0.49193698167800903
472.90706968307495 0.49193698167800903
474.3117673397064 0.49193698167800903
476.0182526111603 0.49193698167800903
477.8475852012634 0.49193698167800903
479.6023840904236 0.49193698167800903
481.1771650314331 0.49193698167800903
482.4786467552185 0.49193698167800903
484.0590603351593 0.49193698167800903
485.49789547920227 0.49193698167800903
487.0550036430359 0.49193698167800903
488.87340450286865 0.49193698167800903
490.36586904525757 0.49193698167800903
491.835022687912 0.49193698167800903
493.39296889305115 0.49193698167800903
494.7515435218811 0.49193698167800903
496.22355008125305 0.49193698167800903
498.0143895149231 0.49193698167800903
500.01593828201294 0.49193698167800903
501.67424392700195 0.49193698167800903
503.42239689826965 0.49193698167800903
504.8380422592163 0.49193698167800903
506.57091903686523 0.49193698167800903
508.2548544406891 0.49193698167800903
510.00354409217834 0.49193698167800903
511.4499638080597 0.49193698167800903
512.6271815299988 0.49193698167800903
514.480658531189 0.49193698167800903
515.8431231975555 0.49193698167800903
517.1983847618103 0.49193698167800903
518.8288033008575 0.49193698167800903
520.2539036273956 0.49193698167800903
521.6231579780579 0.49193698167800903
523.6142163276672 0.49193698167800903
525.0734519958496 0.49193698167800903
526.9850878715515 0.49193698167800903
528.686802148819 0.49193698167800903
530.0710496902466 0.49193698167800903
531.7282538414001 0.49193698167800903
533.0890953540802 0.49193698167800903
534.4543745517731 0.49193698167800903
536.0768537521362 0.49193698167800903
537.075520992279 0.49193698167800903
537.8350214958191 0.49193698167800903
538.7779424190521 0.49193698167800903
540.0975389480591 0.49193698167800903
542.1896727085114 0.49193698167800903
543.9075841903687 0.49193698167800903
545.456892490387 0.49193698167800903
547.2774837017059 0.49193698167800903
548.9196212291718 0.49193698167800903
550.2878954410553 0.49193698167800903
552.1321728229523 0.49193698167800903
553.7041575908661 0.49193698167800903
555.7094020843506 0.49193698167800903
557.4170722961426 0.49193698167800903
558.8375403881073 0.49193698167800903
560.4145276546478 0.49193698167800903
561.8743419647217 0.49193698167800903
563.2187259197235 0.49193698167800903
565.1870267391205 0.49193698167800903
566.4142084121704 0.49193698167800903
567.8031463623047 0.49193698167800903
569.5887467861176 0.49193698167800903
570.4697978496552 0.49193698167800903
571.494791507721 0.49193698167800903
572.6487658023834 0.49193698167800903
573.8915343284607 0.49193698167800903
575.7720584869385 0.49193698167800903
577.1865077018738 0.49193698167800903
578.5976371765137 0.49193698167800903
580.1093919277191 0.49193698167800903
581.3073651790619 0.49193698167800903
582.0579555034637 0.49193698167800903
583.1287610530853 0.49193698167800903
584.1139345169067 0.49193698167800903
585.1523585319519 0.49193698167800903
586.4215078353882 0.49193698167800903
588.0192773342133 0.49193698167800903
589.5215044021606 0.49193698167800903
590.9122831821442 0.49193698167800903
592.4507925510406 0.49193698167800903
594.1790664196014 0.49193698167800903
595.8487102985382 0.49193698167800903
597.4799656867981 0.4916931986808777
598.8560419082642 0.4916931986808777
600.2597668170929 0.4916931986808777
601.9652092456818 0.4916931986808777
603.3143751621246 0.4916931986808777
604.7220096588135 0.4916931986808777
606.498640537262 0.4916931986808777
607.954202413559 0.4916931986808777
609.436460018158 0.4916931986808777
611.0548052787781 0.4916931986808777
612.3904922008514 0.4916931986808777
613.2455022335052 0.4916931986808777
614.057687997818 0.4916931986808777
614.9163937568665 0.4916931986808777
615.8298721313477 0.4916931986808777
616.7119476795197 0.4916931986808777
618.4789354801178 0.4916931986808777
620.3242011070251 0.4916931986808777
621.9595258235931 0.4916931986808777
623.195671081543 0.4916931986808777
624.8960056304932 0.4916931986808777
625.7481093406677 0.4916931986808777
626.8403248786926 0.4916931986808777
627.6820714473724 0.4916931986808777
628.4761297702789 0.4916931986808777
629.5840628147125 0.4916931986808777
630.435800075531 0.4916931986808777
631.1769139766693 0.4916931986808777
632.0220623016357 0.4916931986808777
632.7585580348969 0.4916931986808777
633.5166783332825 0.4916931986808777
634.4940614700317 0.4916931986808777
635.4633643627167 0.4916931986808777
636.4431908130646 0.4916931986808777
637.2713108062744 0.4916931986808777
638.3237106800079 0.4916931986808777
639.7454102039337 0.4916931986808777
641.0277745723724 0.4916931986808777
642.6439056396484 0.4916931986808777
644.4081273078918 0.4916931986808777
645.789528131485 0.4916931986808777
647.5397543907166 0.4916931986808777
649.0576303005219 0.4916931986808777
650.37575340271 0.4916931986808777
651.9932177066803 0.4916931986808777
653.3517813682556 0.4916931986808777
654.6574940681458 0.4916931986808777
656.2311103343964 0.4916931986808777
657.6831266880035 0.4916931986808777
658.9470927715302 0.4916931986808777
660.4095520973206 0.4916931986808777
661.672201871872 0.4916931986808777
663.2471034526825 0.4916931986808777
664.7501323223114 0.4916931986808777
666.0179824829102 0.4916931986808777
667.8304126262665 0.4916931986808777
669.5439655780792 0.4916931986808777
671.0070431232452 0.4916931986808777
672.4414031505585 0.4916931986808777
673.4059543609619 0.4916931986808777
674.1332883834839 0.4916931986808777
675.0816287994385 0.4916931986808777
676.0923466682434 0.4916931986808777
677.0625286102295 0.4916931986808777
677.8216936588287 0.4916931986808777
678.5913410186768 0.4916931986808777
679.5003991127014 0.4916931986808777
680.3239271640778 0.4916931986808777
681.1281909942627 0.4916931986808777
682.077930688858 0.4916931986808777
682.9058334827423 0.4916931986808777
683.8705213069916 0.4916931986808777
684.7024209499359 0.4916931986808777
685.5716722011566 0.4916931986808777
686.7565433979034 0.4916931986808777
688.1047868728638 0.4916931986808777
689.3725202083588 0.4916931986808777
690.908608675003 0.4916931986808777
691.8283469676971 0.4916931986808777
692.911783695221 0.4916931986808777
693.9202842712402 0.4916931986808777
694.7024052143097 0.4916931986808777
695.5826148986816 0.4916931986808777
696.4162881374359 0.4916931986808777
697.2618374824524 0.4916931986808777
698.1583528518677 0.4916931986808777
699.2840213775635 0.4916931986808777
700.7767155170441 0.4916931986808777
702.476710319519 0.4916931986808777
704.0804169178009 0.4916931986808777
705.4081518650055 0.4916931986808777
706.839015007019 0.4916931986808777
708.2141017913818 0.4916931986808777
710.2617151737213 0.4916931986808777
711.8249752521515 0.4916931986808777
713.2135276794434 0.4916931986808777
715.7014441490173 0.4916931986808777
717.1869742870331 0.4916931986808777
718.55255818367 0.4916931986808777
720.1670610904694 0.4916931986808777
721.4842867851257 0.4916931986808777
723.0458674430847 0.4916931986808777
724.4866812229156 0.4916931986808777
726.0784921646118 0.4916931986808777
727.723002910614 0.4916931986808777
729.2349359989166 0.4916931986808777
730.7032191753387 0.4916931986808777
732.0254952907562 0.4916931986808777
732.6894731521606 0.4916931986808777
733.3553261756897 0.4916931986808777
734.6294319629669 0.4916931986808777
736.0792388916016 0.4916931986808777
737.8436636924744 0.4916931986808777
739.0902218818665 0.4916931986808777
740.5143842697144 0.4916931986808777
741.9913954734802 0.4916931986808777
743.5551650524139 0.4916931986808777
745.0610978603363 0.4916931986808777
746.7749881744385 0.4916931986808777
748.2379429340363 0.4916931986808777
749.8765234947205 0.4916931986808777
751.7008521556854 0.4916931986808777
753.163859128952 0.4916931986808777
754.77250623703 0.4916931986808777
756.5040636062622 0.4916931986808777
758.0891561508179 0.4916931986808777
759.8296511173248 0.4916931986808777
761.3185091018677 0.4916931986808777
762.7284553050995 0.4916931986808777
764.3926928043365 0.4916931986808777
766.304096698761 0.4916931986808777
767.4962830543518 0.4916931986808777
769.1499609947205 0.4916931986808777
770.7739021778107 0.4916931986808777
772.4998550415039 0.4916931986808777
773.7594447135925 0.4916931986808777
774.9294695854187 0.4916931986808777
775.7282328605652 0.4916931986808777
776.5936872959137 0.4916931986808777
777.400396823883 0.4916931986808777
778.3575346469879 0.4916931986808777
779.1336705684662 0.4916931986808777
780.0370800495148 0.4916931986808777
780.8226361274719 0.4916931986808777
781.5975997447968 0.4916931986808777
782.5136811733246 0.4916931986808777
783.3306407928467 0.4916931986808777
784.7345838546753 0.4916931986808777
786.6005575656891 0.4916931986808777
788.331559419632 0.4916931986808777
789.6089451313019 0.4916931986808777
791.1024096012115 0.4916931986808777
792.5849602222443 0.4916931986808777
794.1202681064606 0.4916931986808777
795.5317180156708 0.4916931986808777
796.9220204353333 0.4916931986808777
798.7564673423767 0.4916931986808777
801.0777235031128 0.4916931986808777
802.6788444519043 0.4916931986808777
804.5064623355865 0.4916931986808777
805.934051990509 0.4916931986808777
807.3554739952087 0.4916931986808777
808.9957504272461 0.4916931986808777
810.4055259227753 0.4916931986808777
812.1064648628235 0.4916931986808777
813.4473659992218 0.4916931986808777
814.7418189048767 0.4916931986808777
816.452303647995 0.4916931986808777
817.9527258872986 0.4916931986808777
819.2642543315887 0.4916931986808777
820.1693687438965 0.4916931986808777
820.8946464061737 0.4916931986808777
822.3267765045166 0.4916931986808777
823.8363173007965 0.4916931986808777
825.1079843044281 0.4916931986808777
826.6038656234741 0.4916931986808777
827.9117121696472 0.4916931986808777
829.2096769809723 0.4916931986808777
830.6749312877655 0.4916931986808777
831.9545502662659 0.4916931986808777
833.1480729579926 0.4916931986808777
834.51407122612 0.4916931986808777
835.7816638946533 0.4916931986808777
837.2218677997589 0.4916931986808777
838.587019443512 0.4916931986808777
839.8646011352539 0.4916931986808777
841.4426784515381 0.4916931986808777
842.7972846031189 0.4916931986808777
844.135491847992 0.4916931986808777
845.9857654571533 0.4916931986808777
847.2683415412903 0.4916931986808777
848.6001923084259 0.4916931986808777
850.1463224887848 0.4916931986808777
851.7139577865601 0.4916931986808777
853.2796213626862 0.4916931986808777
854.5725445747375 0.4916931986808777
855.880203962326 0.4916931986808777
857.5130734443665 0.4916931986808777
859.0558798313141 0.4916931986808777
860.4419226646423 0.4916931986808777
862.7415363788605 0.4916931986808777
864.1350855827332 0.4916931986808777
865.3093957901001 0.4916931986808777
867.1285350322723 0.4916931986808777
868.7473194599152 0.4916931986808777
870.6545386314392 0.4916931986808777
872.488481760025 0.4916931986808777
874.3065645694733 0.4916931986808777
875.9402632713318 0.4916931986808777
877.3827781677246 0.4916931986808777
878.7615234851837 0.4916931986808777
880.4587380886078 0.4916931986808777
882.3087532520294 0.4916931986808777
884.0207047462463 0.4916931986808777
885.370344877243 0.4916931986808777
887.1870498657227 0.4916931986808777
888.6612718105316 0.4916931986808777
890.0361859798431 0.4916931986808777
891.223051071167 0.4916931986808777
892.6400606632233 0.4916931986808777
894.3125638961792 0.4916931986808777
895.5629351139069 0.4916931986808777
897.1644334793091 0.4916931986808777
898.5208401679993 0.4916931986808777
900.0322077274323 0.4916931986808777
900.9396810531616 0.4916931986808777
901.7911171913147 0.4916931986808777
902.7778887748718 0.4916931986808777
903.6460292339325 0.4916931986808777
905.0333411693573 0.4916931986808777
906.6257491111755 0.4916931986808777
908.0525691509247 0.4916931986808777
909.1795845031738 0.4916931986808777
910.9981637001038 0.4916931986808777
912.3628838062286 0.4916931986808777
914.6512231826782 0.4916931986808777
916.4907269477844 0.4916931986808777
917.9119627475739 0.4916931986808777
919.8222386837006 0.4916931986808777
921.3313927650452 0.4916931986808777
922.7764399051666 0.4916931986808777
924.611528635025 0.4916931986808777
926.7398397922516 0.4916931986808777
928.7133197784424 0.4916931986808777
930.2306694984436 0.4916931986808777
931.7306051254272 0.4916931986808777
933.71524477005 0.4916931986808777
935.4029080867767 0.4916931986808777
936.867265701294 0.4916931986808777
938.4231767654419 0.4916931986808777
939.7503588199615 0.4916931986808777
941.2017817497253 0.4916931986808777
942.9556469917297 0.4916931986808777
943.9156808853149 0.4916931986808777
945.0296001434326 0.4916931986808777
946.8672289848328 0.4916931986808777
948.3755407333374 0.4916931986808777
950.2508962154388 0.4916931986808777
951.6250696182251 0.4916931986808777
952.5561091899872 0.4916931986808777
953.5657198429108 0.4916931986808777
954.9572103023529 0.4916931986808777
956.0626816749573 0.4916931986808777
957.5893626213074 0.4916931986808777
958.9683833122253 0.4916931986808777
960.9179055690765 0.4916931986808777
962.8219895362854 0.4916931986808777
964.5505831241608 0.4916931986808777
966.1401062011719 0.4916931986808777
968.0735652446747 0.4916931986808777
969.8003590106964 0.4916931986808777
971.674054145813 0.4916931986808777
973.047075510025 0.4916931986808777
974.5982775688171 0.4916931986808777
976.0899415016174 0.4916931986808777
977.5716197490692 0.4916931986808777
979.2150528430939 0.4916931986808777
980.8078193664551 0.4916931986808777
982.2705104351044 0.4916931986808777
983.850417137146 0.4916931986808777
985.1629927158356 0.4916931986808777
986.3834128379822 0.4916931986808777
988.3596987724304 0.4916931986808777
990.0600945949554 0.4916931986808777
991.7161405086517 0.4916931986808777
993.4889581203461 0.4916931986808777
994.8775396347046 0.4916931986808777
996.4252440929413 0.4916931986808777
998.0036594867706 0.4916931986808777
999.326687335968 0.4916931986808777
1000.8618257045746 0.4916931986808777
1001.8917951583862 0.4916931986808777
1002.7240002155304 0.4916931986808777
1003.6763854026794 0.4916931986808777
1004.7574396133423 0.4916931986808777
1006.2640461921692 0.4916931986808777
1007.606192111969 0.4916931986808777
1009.1513011455536 0.4916931986808777
1011.0904002189636 0.4916931986808777
1012.7123980522156 0.4916931986808777
1014.4382660388947 0.4916931986808777
1015.9678564071655 0.4916931986808777
1017.3620166778564 0.4916931986808777
1018.7555494308472 0.4916931986808777
1020.1067736148834 0.4916931986808777
1021.3515298366547 0.4916931986808777
1023.0720593929291 0.4916931986808777
1024.4977309703827 0.4916931986808777
1025.6918210983276 0.4916931986808777
1027.2134494781494 0.4916931986808777
1028.4870464801788 0.4916931986808777
1029.8699827194214 0.4916931986808777
1031.786678314209 0.4916931986808777
1033.4541783332825 0.4916931986808777
1035.5365233421326 0.4916931986808777
1036.8278958797455 0.4916931986808777
1037.4416012763977 0.4916931986808777
1038.1875472068787 0.4916931986808777
1039.6550076007843 0.4916931986808777
1041.129942893982 0.4916931986808777
1042.6108798980713 0.4916931986808777
1044.077776670456 0.4916931986808777
1045.558524131775 0.4916931986808777
1046.978625535965 0.4916931986808777
1048.1646263599396 0.4916931986808777
1049.6708631515503 0.4916931986808777
1051.213211297989 0.4916931986808777
1052.893366098404 0.4916931986808777
1054.6266267299652 0.4916931986808777
1056.1518602371216 0.4916931986808777
1057.5451011657715 0.4916931986808777
1059.0131747722626 0.4916931986808777
1060.386058330536 0.4916931986808777
1061.7952725887299 0.4916931986808777
1063.6191914081573 0.4916931986808777
1064.9007940292358 0.4916931986808777
1066.739161491394 0.4916931986808777
1068.5921308994293 0.4916931986808777
1069.974613904953 0.4916931986808777
1071.3956108093262 0.4916931986808777
1072.847112417221 0.4916931986808777
1074.1852848529816 0.4916931986808777
1075.9391634464264 0.4916931986808777
1077.3086841106415 0.4916931986808777
1079.1745519638062 0.4916931986808777
1080.8870077133179 0.4916931986808777
1082.2836232185364 0.4916931986808777
1083.1233704090118 0.4916931986808777
1083.7748982906342 0.4916931986808777
1084.3991401195526 0.4916931986808777
1085.1086511611938 0.4916931986808777
1085.8822047710419 0.4916931986808777
1086.5059795379639 0.4916931986808777
1087.2568418979645 0.4916931986808777
1087.8818323612213 0.4916931986808777
1088.7122402191162 0.4916931986808777
1089.5696725845337 0.4916931986808777
1090.360961675644 0.4916931986808777
1091.3892676830292 0.4916931986808777
1092.549154996872 0.4916931986808777
1093.5432362556458 0.4916931986808777
1095.5711641311646 0.4916931986808777
1097.1454894542694 0.4916931986808777
1098.377916097641 0.4916931986808777
1100.0470645427704 0.4916931986808777
1101.630769252777 0.4916931986808777
1103.4896397590637 0.4916931986808777
1104.798487663269 0.4916931986808777
1106.5823814868927 0.4916931986808777
1108.3101887702942 0.4916931986808777
1109.8204469680786 0.4916931986808777
1111.184418439865 0.4916931986808777
1113.144714832306 0.4916931986808777
1114.7218742370605 0.4916931986808777
1116.0884246826172 0.4916931986808777
1117.8030543327332 0.4916931986808777
1119.2291736602783 0.4916931986808777
1121.5192868709564 0.4916931986808777
1123.282535791397 0.4916931986808777
1124.8690347671509 0.4916931986808777
1126.6690709590912 0.4916931986808777
1128.1614050865173 0.4916931986808777
1129.4567620754242 0.4916931986808777
1131.482356786728 0.4916931986808777
1132.9168286323547 0.4916931986808777
1134.4700417518616 0.4916931986808777
1136.1139183044434 0.4916931986808777
1137.4921412467957 0.4916931986808777
1139.0670986175537 0.4916931986808777
1140.617604970932 0.4916931986808777
1142.21275639534 0.4916931986808777
1143.8630871772766 0.4916931986808777
1145.405426979065 0.4916931986808777
1146.621392250061 0.4916931986808777
1148.5256040096283 0.4916931986808777
1150.1459257602692 0.4916931986808777
1151.6110486984253 0.4916931986808777
1152.7871582508087 0.4916931986808777
1154.1082985401154 0.4916931986808777
1155.9013957977295 0.4916931986808777
1157.2983310222626 0.4916931986808777
1158.532814502716 0.4916931986808777
1159.98366189003 0.4916931986808777
1161.2795433998108 0.4916931986808777
1162.6990940570831 0.4916931986808777
1164.266488790512 0.4916931986808777
1165.7124445438385 0.4916931986808777
1167.213607788086 0.4916931986808777
1168.4139354228973 0.4916931986808777
1169.6902303695679 0.4916931986808777
1171.1217546463013 0.4916931986808777
1172.3435888290405 0.4916931986808777
1173.526540517807 0.4916931986808777
1175.1787741184235 0.4916931986808777
1177.1038057804108 0.4916931986808777
1179.0393187999725 0.4916931986808777
1180.4066598415375 0.4916931986808777
1182.0846121311188 0.4916931986808777
1183.6453788280487 0.4916931986808777
1185.2051417827606 0.4916931986808777
1186.4932794570923 0.4916931986808777
1187.985434293747 0.4916931986808777
1189.3430988788605 0.4916931986808777
1190.5308947563171 0.4916931986808777
1192.261710882187 0.4916931986808777
1193.8548800945282 0.4916931986808777
1195.7755575180054 0.4916931986808777
1197.6415240764618 0.48969021439552307
1199.3050475120544 0.48969021439552307
1201.5409288406372 0.48969021439552307
1203.4123420715332 0.48969021439552307
1205.5344369411469 0.48969021439552307
1207.529687166214 0.48969021439552307
1209.3256347179413 0.48969021439552307
1210.637081861496 0.48969021439552307
1212.2442281246185 0.48969021439552307
1213.7521007061005 0.48969021439552307
1215.9218957424164 0.48969021439552307
1217.8368120193481 0.48969021439552307
1219.3286242485046 0.48969021439552307
1221.137421131134 0.48969021439552307
1222.8654792308807 0.48969021439552307
1224.3856449127197 0.48969021439552307
1226.3307750225067 0.48969021439552307
1228.0095698833466 0.48969021439552307
1230.0243110656738 0.48969021439552307
1231.5423791408539 0.48969021439552307
1233.4026052951813 0.48969021439552307
1234.7133603096008 0.48969021439552307
1236.0313518047333 0.48969021439552307
1237.3775570392609 0.48969021439552307
1238.5425200462341 0.48969021439552307
1239.6064624786377 0.48969021439552307
1240.6156122684479 0.48969021439552307
1241.584923505783 0.48969021439552307
1242.3481934070587 0.48969021439552307
1244.5233037471771 0.48969021439552307
1246.3428344726562 0.48969021439552307
1247.875721693039 0.48969021439552307
1249.2485702037811 0.48969021439552307
1250.4895179271698 0.48969021439552307
1251.7450997829437 0.48969021439552307
1253.5914375782013 0.48969021439552307
1255.1067235469818 0.48969021439552307
1256.5427432060242 0.48969021439552307
1257.8357634544373 0.48969021439552307
1259.1323411464691 0.48969021439552307
1261.120817899704 0.48969021439552307
1262.5544395446777 0.48969021439552307
1264.1501610279083 0.48969021439552307
1266.1703243255615 0.48969021439552307
1268.2091188430786 0.48969021439552307
1270.2341084480286 0.48969021439552307
1272.8895840644836 0.48969021439552307
1274.2405462265015 0.48969021439552307
1276.1036312580109 0.48969021439552307
1278.084165096283 0.48969021439552307
1280.1264328956604 0.48969021439552307
1282.18217253685 0.48969021439552307
1284.0776481628418 0.48969021439552307
1285.9402718544006 0.48969021439552307
1287.4948318004608 0.48969021439552307
1289.188969373703 0.48969021439552307
1290.903725385666 0.48969021439552307
1292.7314472198486 0.48969021439552307
1293.9585852622986 0.48969021439552307
1295.7655429840088 0.48969021439552307
1296.737957239151 0.48969021439552307
1297.514048576355 0.48969021439552307
1298.6919949054718 0.48969021439552307
1299.4862895011902 0.48969021439552307
1300.2660865783691 0.48969021439552307
1301.155515909195 0.48969021439552307
1301.9840440750122 0.48969021439552307
1303.0261545181274 0.48969021439552307
1303.9877016544342 0.48969021439552307
1304.832222700119 0.48969021439552307
1305.819584608078 0.48969021439552307
1306.6904814243317 0.48969021439552307
1307.6381161212921 0.48969021439552307
1308.763037443161 0.48969021439552307
1309.9994506835938 0.48969021439552307
1311.2832403182983 0.48969021439552307
1312.804987192154 0.48969021439552307
1314.8798069953918 0.48969021439552307
1316.2067511081696 0.48969021439552307
1317.6388335227966 0.48969021439552307
1319.0554444789886 0.48969021439552307
1320.6602909564972 0.48969021439552307
1322.2493252754211 0.48969021439552307
1324.0070159435272 0.48969021439552307
1326.248009443283 0.48969021439552307
1327.339899778366 0.48969021439552307
1328.3956336975098 0.48969021439552307
1329.7032887935638 0.48969021439552307
1330.600483417511 0.48969021439552307
1332.1277458667755 0.48969021439552307
1333.4819192886353 0.48969021439552307
1335.378957271576 0.48969021439552307
1337.3559484481812 0.48969021439552307
1339.3933651447296 0.48969021439552307
1340.6903595924377 0.48969021439552307
1342.4263708591461 0.48969021439552307
1344.2279212474823 0.48969021439552307
1345.7095823287964 0.48969021439552307
1347.328978061676 0.48969021439552307
1348.8000605106354 0.48969021439552307
1350.5462265014648 0.48969021439552307
1352.1956338882446 0.48969021439552307
1353.4591166973114 0.48969021439552307
1355.407269001007 0.48969021439552307
1356.778627872467 0.48969021439552307
1357.7920308113098 0.48969021439552307
1359.1003189086914 0.48969021439552307
1360.4678258895874 0.48969021439552307
1361.8230919837952 0.48969021439552307
1363.2635929584503 0.48969021439552307
1365.1216235160828 0.48969021439552307
1366.5493564605713 0.48969021439552307
1367.9998960494995 0.48969021439552307
1369.5731058120728 0.48969021439552307
1371.3026537895203 0.48969021439552307
1372.9534947872162 0.48969021439552307
1374.5591716766357 0.48969021439552307
1376.7632582187653 0.48969021439552307
1378.2584199905396 0.48969021439552307
1379.3869659900665 0.48969021439552307
1380.5839400291443 0.48969021439552307
1381.8727226257324 0.48969021439552307
1383.9233729839325 0.48969021439552307
1385.4426231384277 0.48969021439552307
1387.3848679065704 0.48969021439552307
1389.873212337494 0.48969021439552307
1391.32150888443 0.48969021439552307
1392.9392385482788 0.48969021439552307
1395.0483989715576 0.48969021439552307
1396.1996581554413 0.48969021439552307
1398.0030374526978 0.48969021439552307
1399.3572371006012 0.48969021439552307
1400.6251904964447 0.48969021439552307
1401.9853084087372 0.48969021439552307
1402.9535586833954 0.48969021439552307
1404.4621424674988 0.48969021439552307
1406.2746226787567 0.48969021439552307
1407.7539775371552 0.48969021439552307
1409.1455137729645 0.48969021439552307
1410.833249092102 0.48969021439552307
1412.3612887859344 0.48969021439552307
1414.2877569198608 0.48969021439552307
1415.7891082763672 0.48969021439552307
1417.043025970459 0.48969021439552307
1418.517410516739 0.48969021439552307
1419.5697679519653 0.48969021439552307
1420.5155606269836 0.48969021439552307
1421.5300233364105 0.48969021439552307
1422.66459774971 0.48969021439552307
1423.9312388896942 0.48969021439552307
1425.2908952236176 0.48969021439552307
1426.6563777923584 0.48969021439552307
1428.0505719184875 0.48969021439552307
1429.4323983192444 0.48969021439552307
1430.6754179000854 0.48969021439552307
1432.0086545944214 0.48969021439552307
1433.377897977829 0.48969021439552307
1434.5780153274536 0.48969021439552307
1436.0209925174713 0.48969021439552307
