1.4262018203735352 0.532882809638977
3.1352698802948 0.532882809638977
4.763420343399048 0.532882809638977
6.088684320449829 0.532882809638977
7.511429786682129 0.532882809638977
9.380490064620972 0.532882809638977
10.552428007125854 0.532882809638977
12.095738410949707 0.532882809638977
13.626878499984741 0.532882809638977
15.211559295654297 0.532882809638977
17.093942403793335 0.532882809638977
18.716756582260132 0.532882809638977
20.491644382476807 0.532882809638977
22.19776725769043 0.532882809638977
23.736130475997925 0.532882809638977
25.203787088394165 0.532882809638977
27.166242361068726 0.532882809638977
28.805720567703247 0.532882809638977
30.31467890739441 0.532882809638977
31.672003269195557 0.532882809638977
33.07396221160889 0.532882809638977
34.63710618019104 0.532882809638977
35.862765312194824 0.532882809638977
37.17856764793396 0.532882809638977
38.79540491104126 0.532882809638977
40.605180501937866 0.532882809638977
42.05954170227051 0.49885323643684387
43.77382850646973 0.49885323643684387
45.56632041931152 0.49885323643684387
47.33877682685852 0.49885323643684387
49.04455041885376 0.49885323643684387
50.17291831970215 0.49885323643684387
51.735899686813354 0.49885323643684387
53.07055950164795 0.49885323643684387
54.43828845024109 0.49885323643684387
56.003461599349976 0.49885323643684387
57.391443967819214 0.49885323643684387
58.845104455947876 0.49885323643684387
60.29527759552002 0.49885323643684387
61.84360194206238 0.49885323643684387
63.50380063056946 0.49885323643684387
64.87844586372375 0.49885323643684387
65.99808740615845 0.49885323643684387
67.09305381774902 0.49885323643684387
68.67342114448547 0.49885323643684387
70.157066822052 0.49885323643684387
71.72389364242554 0.49885323643684387
72.87116622924805 0.49885323643684387
74.14665579795837 0.49885323643684387
75.63269090652466 0.49885323643684387
77.69883942604065 0.49885323643684387
79.59866428375244 0.49885323643684387
81.37124943733215 0.49885323643684387
82.77371788024902 0.49885323643684387
84.18408823013306 0.49885323643684387
85.57208299636841 0.49885323643684387
87.10285425186157 0.49885323643684387
89.10843682289124 0.49885323643684387
90.92460441589355 0.49885323643684387
92.48332834243774 0.49885323643684387
94.61634850502014 0.49885323643684387
95.81144261360168 0.49885323643684387
97.91380786895752 0.49885323643684387
99.79471921920776 0.49885323643684387
101.41469192504883 0.49885323643684387
103.27277708053589 0.49885323643684387
104.65183544158936 0.49885323643684387
106.222501039505 0.49885323643684387
107.94527530670166 0.49885323643684387
109.27488446235657 0.49885323643684387
110.73145341873169 0.49885323643684387
111.96422100067139 0.49885323643684387
113.2309250831604 0.49885323643684387
114.70299935340881 0.49885323643684387
116.08683180809021 0.49885323643684387
117.49218082427979 0.49885323643684387
119.03968787193298 0.49885323643684387
120.29669404029846 0.49885323643684387
121.13149809837341 0.49885323643684387
122.0824842453003 0.49885323643684387
123.2904417514801 0.49885323643684387
124.68933486938477 0.49885323643684387
126.17885541915894 0.49885323643684387
127.5085940361023 0.49885323643684387
129.19284510612488 0.49885323643684387
130.57373571395874 0.49885323643684387
131.86984777450562 0.49885323643684387
133.37201166152954 0.49885323643684387
134.71875166893005 0.49885323643684387
136.40677285194397 0.49885323643684387
138.00051617622375 0.49885323643684387
139.25166153907776 0.49885323643684387
140.83394932746887 0.49885323643684387
142.4868128299713 0.49885323643684387
143.68780994415283 0.49885323643684387
145.4851360321045 0.49885323643684387
146.82754135131836 0.49885323643684387
148.21951007843018 0.49885323643684387
149.84142589569092 0.49885323643684387
151.2709836959839 0.49885323643684387
152.67251801490784 0.49885323643684387
154.0279290676117 0.49885323643684387
155.42670512199402 0.49885323643684387
157.009295463562 0.49885323643684387
158.6374270915985 0.49885323643684387
160.24575543403625 0.49885323643684387
161.91135382652283 0.49885323643684387
163.4448881149292 0.49885323643684387
164.48298978805542 0.49885323643684387
165.41166853904724 0.49885323643684387
166.2933669090271 0.49885323643684387
167.52613186836243 0.49885323643684387
169.0493814945221 0.49885323643684387
170.30768823623657 0.49885323643684387
171.89390683174133 0.49885323643684387
173.4448161125183 0.49885323643684387
175.13620805740356 0.49885323643684387
176.72473430633545 0.49885323643684387
178.1545717716217 0.49885323643684387
179.70091032981873 0.49885323643684387
181.4510691165924 0.49885323643684387
182.97633481025696 0.49885323643684387
184.6098072528839 0.49885323643684387
186.0215356349945 0.49885323643684387
187.34931564331055 0.49885323643684387
188.9957311153412 0.49885323643684387
189.7985110282898 0.49885323643684387
190.57658123970032 0.49885323643684387
191.51602983474731 0.49885323643684387
192.75446248054504 0.49885323643684387
194.28441452980042 0.49885323643684387
195.9093828201294 0.49885323643684387
197.50899171829224 0.49885323643684387
199.25037956237793 0.49885323643684387
200.46305418014526 0.49885323643684387
201.62847089767456 0.49885323643684387
203.06661677360535 0.49885323643684387
204.57574200630188 0.49885323643684387
205.86733150482178 0.49885323643684387
207.50472974777222 0.49885323643684387
209.03743886947632 0.49885323643684387
210.81554412841797 0.49885323643684387
212.3567214012146 0.49885323643684387
213.69086956977844 0.49885323643684387
215.38833570480347 0.49885323643684387
216.97984528541565 0.49885323643684387
218.38843536376953 0.4975118339061737
219.97152972221375 0.4975118339061737
221.977299451828 0.4975118339061737
223.37793040275574 0.4975118339061737
224.9135935306549 0.4975118339061737
226.51344466209412 0.4975118339061737
228.3269190788269 0.4975118339061737
229.6832630634308 0.4975118339061737
231.13558769226074 0.4975118339061737
232.53840565681458 0.4975118339061737
233.48607635498047 0.4975118339061737
234.4842493534088 0.4975118339061737
236.59871983528137 0.4975118339061737
237.93309020996094 0.4975118339061737
239.2134907245636 0.49263253808021545
240.76436352729797 0.49263253808021545
242.04369568824768 0.49263253808021545
243.75188517570496 0.49263253808021545
245.12653613090515 0.49263253808021545
247.01378178596497 0.49263253808021545
248.61506843566895 0.49263253808021545
249.88749504089355 0.49263253808021545
251.06475353240967 0.49263253808021545
252.29343962669373 0.49263253808021545
253.33749413490295 0.49263253808021545
255.21251153945923 0.49263253808021545
256.48780608177185 0.49263253808021545
257.9585692882538 0.49263253808021545
259.55633783340454 0.49263253808021545
260.96816849708557 0.49263253808021545
262.3811194896698 0.49263253808021545
264.18630027770996 0.49263253808021545
265.54841327667236 0.49263253808021545
266.7875249385834 0.49263253808021545
268.53664541244507 0.49263253808021545
270.4384570121765 0.49263253808021545
272.53292751312256 0.49263253808021545
274.03602623939514 0.49263253808021545
275.2297236919403 0.49263253808021545
276.48253417015076 0.49253982305526733
277.3435277938843 0.49253982305526733
278.2311792373657 0.49253982305526733
279.81732749938965 0.49253982305526733
281.2617964744568 0.49253982305526733
282.5225946903229 0.49253982305526733
284.0516254901886 0.49253982305526733
285.35001373291016 0.49253982305526733
286.9234890937805 0.49253982305526733
288.2933168411255 0.49253982305526733
289.4853734970093 0.49253982305526733
291.06935238838196 0.49253982305526733
292.3454079627991 0.49253982305526733
293.87745332717896 0.49253982305526733
295.6839644908905 0.49253982305526733
296.7772355079651 0.49253982305526733
297.63342690467834 0.49253982305526733
298.8061697483063 0.49253982305526733
299.784122467041 0.49253982305526733
300.6903474330902 0.49253982305526733
301.4736285209656 0.49253982305526733
302.49169993400574 0.49253982305526733
303.45792841911316 0.49253982305526733
304.2477970123291 0.49253982305526733
305.1742570400238 0.49253982305526733
306.0073502063751 0.49253982305526733
306.8819351196289 0.49253982305526733
308.2153823375702 0.49253982305526733
309.4988350868225 0.49253982305526733
311.1060903072357 0.49253982305526733
312.88182950019836 0.49253982305526733
314.0535042285919 0.49253982305526733
315.20432925224304 0.49253982305526733
316.33650064468384 0.49253982305526733
317.8280277252197 0.49253982305526733
319.65820932388306 0.49253982305526733
321.34196639060974 0.49253982305526733
322.9576187133789 0.49253982305526733
324.6804885864258 0.49253982305526733
326.4891891479492 0.49253982305526733
327.99112939834595 0.49253982305526733
329.61230278015137 0.49253982305526733
331.1781542301178 0.49253982305526733
332.54011511802673 0.49253982305526733
334.00220799446106 0.49253982305526733
335.42556142807007 0.49253982305526733
336.76958990097046 0.49253982305526733
338.4648139476776 0.49253982305526733
339.82029032707214 0.49253982305526733
341.69771456718445 0.49253982305526733
343.71039390563965 0.49253982305526733
345.2933084964752 0.49253982305526733
347.1888062953949 0.49253982305526733
348.66088008880615 0.49253982305526733
350.0627119541168 0.49253982305526733
351.7373297214508 0.49253982305526733
353.05456471443176 0.49253982305526733
354.41757678985596 0.49253982305526733
355.1613178253174 0.49253982305526733
356.6397895812988 0.49253982305526733
358.31886172294617 0.49253982305526733
360.0887053012848 0.49253982305526733
361.8112163543701 0.49253982305526733
364.39887738227844 0.49253982305526733
366.07095217704773 0.49253982305526733
367.6414556503296 0.49253982305526733
369.2462327480316 0.49253982305526733
370.77109026908875 0.49253982305526733
372.5030403137207 0.49253982305526733
374.04401683807373 0.49253982305526733
375.6044006347656 0.49253982305526733
377.1975440979004 0.49253982305526733
378.92703223228455 0.49253982305526733
381.0543305873871 0.49253982305526733
382.9843955039978 0.49253982305526733
384.64321422576904 0.49253982305526733
385.94503235816956 0.49253982305526733
387.4598591327667 0.49253982305526733
388.6860432624817 0.49253982305526733
390.2545475959778 0.49253982305526733
391.53279066085815 0.49253982305526733
392.717896938324 0.49253982305526733
394.69525837898254 0.49253982305526733
396.68919110298157 0.49253982305526733
397.99598264694214 0.49253982305526733
399.1419801712036 0.49253982305526733
400.1361560821533 0.49253982305526733
400.9985120296478 0.49253982305526733
401.9847369194031 0.49253982305526733
402.67085099220276 0.49253982305526733
403.8288176059723 0.49253982305526733
405.0593595504761 0.49253982305526733
406.0778908729553 0.49253982305526733
407.4123809337616 0.49253982305526733
408.52786922454834 0.49253982305526733
409.29132747650146 0.49253982305526733
410.75889253616333 0.49253982305526733
412.3039004802704 0.49253982305526733
413.85352206230164 0.49253982305526733
415.3002495765686 0.49253982305526733
416.7403151988983 0.49253982305526733
418.6188018321991 0.49050667881965637
419.8740699291229 0.49050667881965637
421.17146015167236 0.49050667881965637
422.73849296569824 0.49050667881965637
424.40432500839233 0.49050667881965637
425.6034893989563 0.49050667881965637
427.45135259628296 0.49050667881965637
428.8807649612427 0.49050667881965637
430.55795550346375 0.49050667881965637
432.002144575119 0.49050667881965637
433.4000074863434 0.49050667881965637
435.1477065086365 0.49050667881965637
436.7321434020996 0.49050667881965637
438.11266922950745 0.49050667881965637
439.91885113716125 0.49050667881965637
441.39685249328613 0.49050667881965637
442.7883994579315 0.49050667881965637
444.26211166381836 0.49050667881965637
445.76404452323914 0.49050667881965637
446.80457496643066 0.49050667881965637
447.93801760673523 0.49050667881965637
449.18565106391907 0.49050667881965637
450.8217866420746 0.49050667881965637
452.3454577922821 0.49050667881965637
454.0311779975891 0.49050667881965637
455.43952441215515 0.49050667881965637
456.93717193603516 0.49050667881965637
458.4525921344757 0.49050667881965637
459.80810022354126 0.49050667881965637
461.1285619735718 0.49050667881965637
462.68639874458313 0.49050667881965637
464.25815987586975 0.49050667881965637
465.56874561309814 0.49050667881965637
467.2148473262787 0.49050667881965637
468.6323606967926 0.49050667881965637
470.11979603767395 0.49050667881965637
471.65203857421875 0.49050667881965637
473.0652196407318 0.49050667881965637
474.62133526802063 0.49050667881965637
476.4212839603424 0.49050667881965637
478.2100636959076 0.49050667881965637
479.85874605178833 0.49050667881965637
481.1786415576935 0.49050667881965637
482.4141182899475 0.49050667881965637
483.95184421539307 0.49050667881965637
485.32865262031555 0.49050667881965637
486.6382529735565 0.49050667881965637
488.00174617767334 0.49050667881965637
488.6900179386139 0.49050667881965637
490.4108247756958 0.49050667881965637
492.042382478714 0.49050667881965637
493.385338306427 0.49050667881965637
495.0426127910614 0.49050667881965637
496.4780623912811 0.49050667881965637
498.0764157772064 0.49050667881965637
499.7679419517517 0.49050667881965637
501.12963008880615 0.49050667881965637
503.044579744339 0.49050667881965637
504.3073103427887 0.49050667881965637
505.59944772720337 0.49050667881965637
507.35117769241333 0.49050667881965637
509.03936409950256 0.49050667881965637
510.64623379707336 0.49050667881965637
512.3639540672302 0.49050667881965637
513.7378766536713 0.49050667881965637
515.1853747367859 0.49050667881965637
516.7997686862946 0.49050667881965637
518.2771849632263 0.49050667881965637
519.8940091133118 0.49050667881965637
521.2201113700867 0.49050667881965637
522.4882681369781 0.49050667881965637
524.156985282898 0.49050667881965637
525.726556301117 0.49050667881965637
527.1586964130402 0.49050667881965637
528.8106572628021 0.49050667881965637
530.3702533245087 0.49050667881965637
531.6623167991638 0.49050667881965637
533.2007973194122 0.49050667881965637
534.1329600811005 0.49050667881965637
535.7486608028412 0.49050667881965637
537.2186191082001 0.49050667881965637
538.9153389930725 0.49050667881965637
540.8497514724731 0.49050667881965637
542.4526798725128 0.49050667881965637
543.7722527980804 0.49050667881965637
545.3814306259155 0.49050667881965637
546.7337713241577 0.49050667881965637
548.5129206180573 0.49050667881965637
550.1358776092529 0.49050667881965637
551.5116555690765 0.49050667881965637
553.510204076767 0.49050667881965637
555.0317296981812 0.49050667881965637
556.2248477935791 0.49050667881965637
557.7877736091614 0.49050667881965637
559.2444312572479 0.49050667881965637
560.6403160095215 0.49050667881965637
562.3793950080872 0.49050667881965637
563.8812239170074 0.49050667881965637
565.756801366806 0.49050667881965637
567.2055194377899 0.49050667881965637
568.3837025165558 0.49050667881965637
570.0928637981415 0.49050667881965637
571.3483924865723 0.49050667881965637
572.4794626235962 0.49050667881965637
574.0782647132874 0.49050667881965637
575.4580590724945 0.49050667881965637
576.2591271400452 0.49050667881965637
577.7042660713196 0.49050667881965637
578.9389307498932 0.49050667881965637
580.1460537910461 0.49050667881965637
581.2609329223633 0.49050667881965637
582.8064959049225 0.49050667881965637
584.919242143631 0.49050667881965637
586.4831142425537 0.49050667881965637
587.868079662323 0.49050667881965637
589.4605460166931 0.49050667881965637
590.887850522995 0.49050667881965637
592.3738293647766 0.49050667881965637
594.1057426929474 0.49050667881965637
595.4421570301056 0.49050667881965637
597.4067871570587 0.49050667881965637
599.0707967281342 0.49050667881965637
600.5256130695343 0.4854840040206909
602.187597990036 0.4854840040206909
603.5961034297943 0.4854840040206909
605.1256999969482 0.4854840040206909
606.6907780170441 0.4854840040206909
607.9616785049438 0.4854840040206909
609.893937587738 0.4854840040206909
611.5944168567657 0.4854840040206909
612.9543223381042 0.4854840040206909
614.3630635738373 0.4854840040206909
615.3509299755096 0.4854840040206909
616.423978805542 0.4854840040206909
617.7249038219452 0.4854840040206909
619.035879611969 0.4854840040206909
620.1775515079498 0.4854840040206909
621.659049987793 0.4854840040206909
622.6208729743958 0.4854840040206909
623.6322317123413 0.4854840040206909
624.8376808166504 0.4854840040206909
626.1107032299042 0.4854840040206909
627.7567329406738 0.4854840040206909
629.260068655014 0.4854840040206909
630.4768762588501 0.4854840040206909
632.3023421764374 0.4854840040206909
633.7231688499451 0.4854840040206909
635.2128267288208 0.4854840040206909
636.7112658023834 0.4854840040206909
638.0228617191315 0.4854840040206909
639.6752407550812 0.4854840040206909
641.2351205348969 0.4854840040206909
642.7504034042358 0.4854840040206909
644.3952884674072 0.4854840040206909
645.9272727966309 0.4854840040206909
647.1409981250763 0.4854840040206909
648.5223190784454 0.4854840040206909
650.1142284870148 0.4854840040206909
651.4700739383698 0.4854840040206909
653.1010229587555 0.4854840040206909
654.7947218418121 0.4854840040206909
656.7604305744171 0.4854840040206909
658.4218726158142 0.4854840040206909
659.9911007881165 0.4854840040206909
661.6533427238464 0.4854840040206909
662.5441682338715 0.4854840040206909
663.3625156879425 0.4854840040206909
664.6039147377014 0.4854840040206909
665.4804103374481 0.4854840040206909
666.5115530490875 0.4854840040206909
667.3550515174866 0.4854840040206909
668.6322772502899 0.4854840040206909
670.199832201004 0.4854840040206909
671.6922569274902 0.4854840040206909
672.9955835342407 0.4854840040206909
674.4921228885651 0.4854840040206909
675.8441054821014 0.4854840040206909
677.0721287727356 0.4854840040206909
678.7282204627991 0.4854840040206909
680.033623456955 0.4854840040206909
681.6453893184662 0.4854840040206909
683.234884262085 0.4854840040206909
684.6165800094604 0.4854840040206909
686.772481918335 0.4854840040206909
688.5740823745728 0.4854840040206909
689.8718597888947 0.4854840040206909
691.6401698589325 0.4854840040206909
693.6216893196106 0.4854840040206909
695.290892124176 0.4854840040206909
697.2612874507904 0.4854840040206909
698.607950925827 0.4854840040206909
700.987931728363 0.4854840040206909
702.626149892807 0.4854840040206909
704.4313333034515 0.4854840040206909
706.1690714359283 0.4854840040206909
707.6898941993713 0.4854840040206909
708.5193381309509 0.4854840040206909
710.0917465686798 0.4854840040206909
711.714672088623 0.4854840040206909
713.864511013031 0.4854840040206909
715.6577734947205 0.4854840040206909
716.893167257309 0.4854840040206909
718.405056476593 0.4854840040206909
719.6690185070038 0.4854840040206909
720.9391009807587 0.4854840040206909
722.4405345916748 0.4854840040206909
723.7102103233337 0.4854840040206909
725.0476055145264 0.4854840040206909
726.4706733226776 0.4854840040206909
727.79647397995 0.4854840040206909
729.4756364822388 0.4854840040206909
730.7452311515808 0.4854840040206909
732.0225293636322 0.4854840040206909
733.626829624176 0.4854840040206909
735.1922397613525 0.4854840040206909
736.4294266700745 0.4854840040206909
738.0409936904907 0.4854840040206909
739.8907387256622 0.4854840040206909
741.3120038509369 0.4854840040206909
743.6101579666138 0.4854840040206909
745.5355389118195 0.4854840040206909
747.2028563022614 0.4854840040206909
748.7017107009888 0.4854840040206909
749.8204569816589 0.4854840040206909
750.8569281101227 0.4854840040206909
751.6334047317505 0.4854840040206909
752.4469356536865 0.4854840040206909
754.0430891513824 0.4854840040206909
755.6976404190063 0.4854840040206909
757.4725122451782 0.4854840040206909
758.8242611885071 0.4854840040206909
760.054746389389 0.4854840040206909
761.3632726669312 0.4854840040206909
762.7033450603485 0.4854840040206909
763.9743263721466 0.4854840040206909
766.0078315734863 0.4854840040206909
767.4749689102173 0.4854840040206909
768.7478399276733 0.4854840040206909
770.3627967834473 0.4854840040206909
771.5351455211639 0.4854840040206909
773.5250155925751 0.4854840040206909
775.321275472641 0.4854840040206909
776.9022665023804 0.4854840040206909
778.9281673431396 0.4854840040206909
780.3283348083496 0.4854840040206909
782.0561985969543 0.4854840040206909
784.3884830474854 0.4854840040206909
785.5426471233368 0.4854840040206909
786.4204304218292 0.4854840040206909
788.0782999992371 0.4854840040206909
789.6459398269653 0.4854840040206909
791.2903356552124 0.4854840040206909
792.6516537666321 0.4854840040206909
794.3058304786682 0.4854840040206909
795.826250076294 0.4854840040206909
797.186306476593 0.4854840040206909
798.8341631889343 0.4854840040206909
800.8490767478943 0.4854840040206909
802.6360955238342 0.4854840040206909
803.984837770462 0.4854840040206909
806.3696072101593 0.4854840040206909
807.6660785675049 0.4854840040206909
809.2679238319397 0.4854840040206909
810.88672041893 0.4854840040206909
812.1240012645721 0.4854840040206909
813.7086703777313 0.4854840040206909
815.1086049079895 0.4854840040206909
816.8969805240631 0.4854840040206909
818.4736135005951 0.4854840040206909
819.9648115634918 0.4854840040206909
821.6535842418671 0.4854840040206909
823.6743323802948 0.4854840040206909
825.3161351680756 0.4854840040206909
827.133847951889 0.4854840040206909
828.4969615936279 0.4854840040206909
829.4743881225586 0.4854840040206909
830.7270169258118 0.4854840040206909
831.7468369007111 0.4854840040206909
832.8325290679932 0.4854840040206909
833.7024171352386 0.4854840040206909
834.9116063117981 0.4854840040206909
836.6441626548767 0.4854840040206909
838.10258436203 0.4854840040206909
839.2883224487305 0.4854840040206909
840.9455935955048 0.4854840040206909
842.7143659591675 0.4854840040206909
844.0181694030762 0.4854840040206909
845.7598049640656 0.4854840040206909
847.2710268497467 0.4854840040206909
848.6602547168732 0.4854840040206909
850.2993459701538 0.4854840040206909
851.727105140686 0.4854840040206909
853.5045926570892 0.4854840040206909
855.0524263381958 0.4854840040206909
856.8184969425201 0.4854840040206909
858.5355789661407 0.4854840040206909
860.4168303012848 0.4854840040206909
862.0795764923096 0.4854840040206909
864.2295942306519 0.4854840040206909
865.7358095645905 0.4854840040206909
867.1882076263428 0.4854840040206909
868.6017541885376 0.4854840040206909
869.8047621250153 0.4854840040206909
871.7101373672485 0.4854840040206909
873.1891212463379 0.4854840040206909
874.7147154808044 0.4854840040206909
876.6441533565521 0.4854840040206909
877.8011009693146 0.4854840040206909
878.6700551509857 0.4854840040206909
879.7829253673553 0.4854840040206909
880.7238516807556 0.4854840040206909
881.881861448288 0.4854840040206909
882.9583790302277 0.4854840040206909
884.296802520752 0.4854840040206909
885.6190044879913 0.4854840040206909
886.8220641613007 0.4854840040206909
888.1146650314331 0.4854840040206909
889.5308933258057 0.4854840040206909
890.7557961940765 0.4854840040206909
892.0534369945526 0.4854840040206909
893.9105341434479 0.4854840040206909
895.4112539291382 0.4854840040206909
896.9488046169281 0.4854840040206909
898.9294912815094 0.4854840040206909
900.5923323631287 0.4854840040206909
902.4406270980835 0.4854840040206909
903.8629567623138 0.4854840040206909
905.5251908302307 0.4854840040206909
907.56791639328 0.4854840040206909
909.2192769050598 0.4854840040206909
910.7731885910034 0.4854840040206909
912.7164225578308 0.4854840040206909
914.6302289962769 0.4854840040206909
916.0721671581268 0.4854840040206909
917.4431350231171 0.4854840040206909
918.8640031814575 0.4854840040206909
920.3243751525879 0.4854840040206909
921.5898547172546 0.4854840040206909
922.8836042881012 0.4854840040206909
924.2807590961456 0.4854840040206909
925.735316991806 0.4854840040206909
927.2283082008362 0.4854840040206909
928.7745006084442 0.4854840040206909
930.252049446106 0.4854840040206909
931.9552059173584 0.4854840040206909
933.4930844306946 0.4854840040206909
934.9799146652222 0.4854840040206909
935.9289953708649 0.4854840040206909
936.8885290622711 0.4854840040206909
937.6114494800568 0.4854840040206909
938.5246560573578 0.4854840040206909
939.2955589294434 0.4854840040206909
940.2922010421753 0.4854840040206909
941.0584571361542 0.4854840040206909
941.7402005195618 0.4854840040206909
942.6770052909851 0.4854840040206909
944.1416821479797 0.4854840040206909
945.645975112915 0.4854840040206909
947.2918756008148 0.4854840040206909
948.772358417511 0.4854840040206909
950.3016707897186 0.4854840040206909
951.8304104804993 0.4854840040206909
953.1917152404785 0.4854840040206909
954.8607113361359 0.4854840040206909
956.2348835468292 0.4854840040206909
957.529803276062 0.4854840040206909
958.9643769264221 0.4854840040206909
960.4659218788147 0.4854840040206909
961.8804354667664 0.4854840040206909
963.4077241420746 0.4854840040206909
965.2286911010742 0.4854840040206909
966.776561498642 0.4854840040206909
968.2911832332611 0.4854840040206909
969.3367063999176 0.4854840040206909
970.5800712108612 0.4854840040206909
971.7999272346497 0.4854840040206909
972.9556896686554 0.4854840040206909
974.6129400730133 0.4854840040206909
975.9662683010101 0.4854840040206909
977.3250198364258 0.4854840040206909
978.8341352939606 0.4854840040206909
980.5989894866943 0.4854840040206909
982.1605911254883 0.4854840040206909
984.1789214611053 0.4854840040206909
984.9469726085663 0.4854840040206909
985.9221999645233 0.4854840040206909
986.925751209259 0.4854840040206909
988.560304403305 0.4854840040206909
990.0806183815002 0.4854840040206909
991.5944814682007 0.4854840040206909
993.5891907215118 0.4854840040206909
995.466224193573 0.4854840040206909
997.2505226135254 0.4854840040206909
999.0345754623413 0.4854840040206909
1000.5138444900513 0.4854840040206909
1001.8477654457092 0.4854840040206909
1003.3396289348602 0.4854840040206909
1005.1390867233276 0.4854840040206909
1006.6626965999603 0.4854840040206909
1008.3010041713715 0.4854840040206909
1010.0312166213989 0.4854840040206909
1011.7632791996002 0.4854840040206909
1013.1101644039154 0.4854840040206909
1014.4084005355835 0.4854840040206909
1015.9085564613342 0.4854840040206909
1017.3028087615967 0.4854840040206909
1018.6007778644562 0.4854840040206909
1020.1201429367065 0.4854840040206909
1021.6499781608582 0.4854840040206909
1023.0336105823517 0.4854840040206909
1024.8474290370941 0.4854840040206909
1026.3129918575287 0.4854840040206909
1028.1747267246246 0.4854840040206909
1029.4574174880981 0.4854840040206909
1030.5592632293701 0.48201724886894226
1032.3442556858063 0.48201724886894226
1033.7747719287872 0.48201724886894226
1035.1347558498383 0.48201724886894226
1036.716975927353 0.48201724886894226
1038.122663974762 0.48201724886894226
1039.7734694480896 0.48201724886894226
1041.4537703990936 0.48201724886894226
1043.0507774353027 0.48201724886894226
1044.9613709449768 0.48201724886894226
1046.4161026477814 0.48201724886894226
1047.8012573719025 0.48201724886894226
1049.383840084076 0.48201724886894226
1050.8449902534485 0.48201724886894226
1052.1180448532104 0.48201724886894226
1053.589429616928 0.48201724886894226
1055.0718529224396 0.48201724886894226
1056.6559791564941 0.48201724886894226
1058.1639609336853 0.48201724886894226
1059.6210668087006 0.48201724886894226
1061.2350778579712 0.48201724886894226
1063.019902229309 0.48201724886894226
1064.890520811081 0.48201724886894226
1066.3004214763641 0.48201724886894226
1067.7707605361938 0.48201724886894226
1069.05704164505 0.48201724886894226
1070.440824508667 0.48201724886894226
1071.794267654419 0.48201724886894226
1073.5872139930725 0.48201724886894226
1075.0322885513306 0.48201724886894226
1077.0037171840668 0.48201724886894226
1078.9236471652985 0.48201724886894226
1080.2866444587708 0.48201724886894226
1081.474189043045 0.48201724886894226
1083.0497417449951 0.48201724886894226
1084.8025460243225 0.48201724886894226
1086.0950882434845 0.48201724886894226
1087.7697985172272 0.48201724886894226
1089.044941186905 0.48201724886894226
1090.7069883346558 0.48201724886894226
1091.6687686443329 0.48201724886894226
1092.4879982471466 0.48201724886894226
1093.604216337204 0.48201724886894226
1094.5706481933594 0.48201724886894226
1095.5101823806763 0.48201724886894226
1097.2582697868347 0.48201724886894226
1098.7486238479614 0.48201724886894226
1100.1669647693634 0.48201724886894226
1101.488189458847 0.48201724886894226
1102.717903137207 0.48201724886894226
1104.2089760303497 0.48201724886894226
1105.710979938507 0.48201724886894226
1106.93239569664 0.48201724886894226
1108.4914689064026 0.48201724886894226
1110.031524181366 0.48201724886894226
1111.3101499080658 0.48201724886894226
1113.1055166721344 0.48201724886894226
1114.8001546859741 0.48201724886894226
1116.4310908317566 0.48201724886894226
1118.196486234665 0.48201724886894226
1119.6572983264923 0.48201724886894226
1121.3834133148193 0.48201724886894226
1122.8285472393036 0.48201724886894226
1124.5371143817902 0.48201724886894226
1126.096075296402 0.48201724886894226
1127.5134017467499 0.48201724886894226
1128.909337759018 0.48201724886894226
1130.5595457553864 0.48201724886894226
1131.7835807800293 0.48201724886894226
1133.4468693733215 0.48201724886894226
1134.8126389980316 0.48201724886894226
1136.046864271164 0.48201724886894226
1137.588873386383 0.48201724886894226
1138.9554381370544 0.48201724886894226
1140.0003242492676 0.48201724886894226
1141.0542902946472 0.48201724886894226
1141.9739065170288 0.48201724886894226
1142.8008978366852 0.48201724886894226
1143.8158874511719 0.48201724886894226
1144.7804789543152 0.48201724886894226
1145.8244798183441 0.48201724886894226
1146.66153383255 0.48201724886894226
1147.484570980072 0.48201724886894226
1148.5863738059998 0.48201724886894226
1149.5504353046417 0.48201724886894226
1150.436912536621 0.48201724886894226
1151.409057855606 0.48201724886894226
1152.2947971820831 0.48201724886894226
1153.0253670215607 0.48201724886894226
1153.8865005970001 0.48201724886894226
1154.76975607872 0.48201724886894226
1156.4224600791931 0.48201724886894226
1157.7259624004364 0.48201724886894226
1158.9389901161194 0.48201724886894226
1160.724455833435 0.48201724886894226
1162.5113379955292 0.48201724886894226
1163.8859267234802 0.48201724886894226
1165.7936108112335 0.48201724886894226
1167.5320658683777 0.48201724886894226
1169.5940690040588 0.48201724886894226
1171.060177564621 0.48201724886894226
1172.391012430191 0.48201724886894226
1174.0931820869446 0.48201724886894226
1175.5506854057312 0.48201724886894226
1176.8465089797974 0.48201724886894226
1178.691869020462 0.48201724886894226
1180.1217007637024 0.48201724886894226
1181.4142038822174 0.48201724886894226
1183.0657777786255 0.48201724886894226
1184.5189487934113 0.48201724886894226
1186.1683225631714 0.48201724886894226
1187.5304300785065 0.48201724886894226
1189.031145811081 0.48201724886894226
1190.7184193134308 0.48201724886894226
1192.5646541118622 0.48201724886894226
1194.1896967887878 0.48201724886894226
1195.7923979759216 0.48201724886894226
1197.12020945549 0.48201724886894226
1198.6166651248932 0.48201724886894226
1200.6339838504791 0.48201724886894226
1202.1393039226532 0.48201724886894226
1203.9589307308197 0.48201724886894226
1205.2694969177246 0.48201724886894226
1206.708734512329 0.48201724886894226
1208.461623430252 0.48201724886894226
1209.7542386054993 0.48201724886894226
1211.0137543678284 0.48201724886894226
1212.6362385749817 0.48201724886894226
1214.6310794353485 0.48201724886894226
1216.5387098789215 0.48201724886894226
1218.0609674453735 0.48201724886894226
1219.6258051395416 0.48201724886894226
1221.491605758667 0.48201724886894226
1223.1870782375336 0.48201724886894226
1225.2241036891937 0.48201724886894226
1227.3036608695984 0.48201724886894226
1229.4402675628662 0.48201724886894226
1230.66015291214 0.48201724886894226
1232.0836350917816 0.48201724886894226
1233.2820703983307 0.48201724886894226
1234.9205935001373 0.48201724886894226
1236.0526983737946 0.48201724886894226
1237.5699577331543 0.48201724886894226
1239.640552997589 0.48201724886894226
1241.7980499267578 0.48201724886894226
1243.22305560112 0.48201724886894226
1245.1958985328674 0.48201724886894226
1246.935411453247 0.48201724886894226
1248.4451792240143 0.48201724886894226
1249.9467828273773 0.48201724886894226
1251.2902824878693 0.48201724886894226
1253.0233116149902 0.48201724886894226
1254.3873989582062 0.48201724886894226
1256.1309385299683 0.48201724886894226
1257.4216568470001 0.48201724886894226
1258.3839552402496 0.48201724886894226
1259.5018389225006 0.48201724886894226
1261.2436034679413 0.48201724886894226
1263.2352902889252 0.48201724886894226
1264.7411184310913 0.48201724886894226
1266.3032360076904 0.48201724886894226
1267.5567591190338 0.48201724886894226
1269.0990977287292 0.48201724886894226
1270.802754163742 0.48201724886894226
1272.5965504646301 0.48201724886894226
1274.6234180927277 0.48201724886894226
1275.998475074768 0.48201724886894226
1277.2212495803833 0.48201724886894226
1278.8399777412415 0.48201724886894226
1280.2395431995392 0.48201724886894226
1282.0847029685974 0.48201724886894226
1283.513897895813 0.48201724886894226
1284.8468861579895 0.48201724886894226
1286.4810843467712 0.48201724886894226
1287.7562210559845 0.48201724886894226
1288.603535413742 0.48201724886894226
1289.640858888626 0.48201724886894226
1290.9876692295074 0.48201724886894226
1291.8965020179749 0.48201724886894226
1293.2904291152954 0.48201724886894226
1294.2222871780396 0.48201724886894226
1295.0693182945251 0.48201724886894226
1295.857219696045 0.48201724886894226
1296.7425920963287 0.48201724886894226
1298.5951573848724 0.48201724886894226
1300.6977519989014 0.48201724886894226
1302.1636996269226 0.48201724886894226
1304.3999037742615 0.48201724886894226
1305.8207352161407 0.48201724886894226
1307.3252081871033 0.48201724886894226
1308.9064137935638 0.48201724886894226
1310.4043216705322 0.48201724886894226
1312.2826116085052 0.48201724886894226
1313.8626363277435 0.48201724886894226
1315.2556521892548 0.48201724886894226
1316.92227768898 0.48201724886894226
1318.2911190986633 0.48201724886894226
1319.5115168094635 0.48201724886894226
1321.376456975937 0.48201724886894226
1322.7826125621796 0.48201724886894226
1324.4890320301056 0.48201724886894226
1326.0952937602997 0.48201724886894226
1327.5568647384644 0.48201724886894226
1329.1856050491333 0.48201724886894226
1330.8443183898926 0.48201724886894226
1332.625139951706 0.48201724886894226
1334.4858570098877 0.48201724886894226
1335.8978140354156 0.48201724886894226
1337.3232786655426 0.48201724886894226
1338.7780861854553 0.48201724886894226
1340.1778988838196 0.48201724886894226
1341.6937742233276 0.48201724886894226
1343.1800482273102 0.48201724886894226
1344.5012383460999 0.48201724886894226
1346.201182126999 0.48201724886894226
1347.714203119278 0.48201724886894226
1348.9807755947113 0.48201724886894226
1350.533856868744 0.48201724886894226
1352.2609901428223 0.48201724886894226
1353.4561457633972 0.48201724886894226
1355.0114336013794 0.48201724886894226
1356.301547050476 0.48201724886894226
1357.8861351013184 0.48201724886894226
1359.1320168972015 0.48201724886894226
1360.378392457962 0.48201724886894226
1361.9018466472626 0.48201724886894226
1363.18985581398 0.48201724886894226
1364.3875048160553 0.48201724886894226
1366.545522928238 0.48201724886894226
1368.0731954574585 0.48201724886894226
1369.9269468784332 0.48201724886894226
1371.6433980464935 0.48201724886894226
1372.706860780716 0.48201724886894226
1373.6038947105408 0.48201724886894226
1374.4094605445862 0.48201724886894226
1375.306799173355 0.48201724886894226
1376.2098336219788 0.48201724886894226
1377.0916225910187 0.48201724886894226
1377.8493490219116 0.48201724886894226
1378.7964806556702 0.48201724886894226
1379.7642951011658 0.48201724886894226
1380.664866924286 0.48201724886894226
1381.3491866588593 0.48201724886894226
1382.0657997131348 0.48201724886894226
1383.145357131958 0.48201724886894226
1383.9769141674042 0.48201724886894226
1384.7841439247131 0.48201724886894226
1386.6298303604126 0.48201724886894226
1387.5186002254486 0.48201724886894226
1388.44082570076 0.48201724886894226
1389.4288609027863 0.48201724886894226
1390.2850077152252 0.48201724886894226
1391.5549516677856 0.48201724886894226
1392.585569858551 0.48201724886894226
1393.5042297840118 0.48201724886894226
1394.7966856956482 0.48201724886894226
1396.4682126045227 0.48201724886894226
1398.1822519302368 0.48201724886894226
1400.0922775268555 0.48201724886894226
1402.0643610954285 0.48201724886894226
1403.650183916092 0.48201724886894226
1405.417379617691 0.48201724886894226
1407.0797135829926 0.48201724886894226
1409.0737998485565 0.48201724886894226
1410.56387257576 0.48201724886894226
1411.8094944953918 0.48201724886894226
1413.19642162323 0.48201724886894226
1414.672866821289 0.48201724886894226
1415.8181726932526 0.48201724886894226
1417.2204105854034 0.48201724886894226
1418.3684799671173 0.48201724886894226
1419.709874868393 0.48201724886894226
1420.9605686664581 0.48201724886894226
1422.225870847702 0.48201724886894226
1423.7453303337097 0.48201724886894226
1425.0319170951843 0.48201724886894226
1426.315277338028 0.48201724886894226
1427.9715118408203 0.48201724886894226
1429.2851860523224 0.48201724886894226
1430.917589187622 0.48201724886894226
1432.4179251194 0.48201724886894226
1434.1535758972168 0.48201724886894226
1436.3806030750275 0.48201724886894226
1437.9050896167755 0.48201724886894226
1438.9333806037903 0.48201724886894226
1440.4948194026947 0.48201724886894226
1442.0436491966248 0.48201724886894226
1443.861144542694 0.48201724886894226
1445.5793459415436 0.48201724886894226
1447.3347046375275 0.48201724886894226
1448.8680639266968 0.48201724886894226
1450.8259065151215 0.48201724886894226
1452.734881401062 0.48201724886894226
1454.8361337184906 0.48201724886894226
1456.5807299613953 0.48201724886894226
1458.1001889705658 0.48201724886894226
1459.7274935245514 0.48201724886894226
1461.3750619888306 0.48201724886894226
1462.9493899345398 0.48201724886894226
1464.5626330375671 0.48201724886894226
