1.7952370643615723 0.563931405544281
3.311671495437622 0.518197238445282
5.256449222564697 0.518197238445282
6.622234344482422 0.518197238445282
7.812047719955444 0.518197238445282
9.323785066604614 0.518197238445282
10.74432373046875 0.518197238445282
12.092533111572266 0.518197238445282
13.79753565788269 0.518197238445282
14.867210865020752 0.5090621709823608
16.087347269058228 0.5090621709823608
17.493398904800415 0.5090621709823608
19.116466999053955 0.5090621709823608
21.24424147605896 0.5090621709823608
22.93439817428589 0.5090621709823608
24.305393934249878 0.5090621709823608
26.205214023590088 0.4989452362060547
27.634929180145264 0.4989452362060547
29.155444383621216 0.4989452362060547
31.058635473251343 0.4989452362060547
32.93725323677063 0.4989452362060547
35.0327308177948 0.4989452362060547
36.66898202896118 0.4989452362060547
38.252193450927734 0.4989452362060547
40.31064701080322 0.4989452362060547
42.23690915107727 0.4989452362060547
43.81856822967529 0.4989452362060547
45.54599618911743 0.4989452362060547
47.6961727142334 0.4989452362060547
49.999908208847046 0.4989452362060547
52.30061483383179 0.4989452362060547
54.50654578208923 0.4989452362060547
56.73542332649231 0.49111074209213257
58.319857358932495 0.49111074209213257
59.64354586601257 0.49111074209213257
61.32257556915283 0.49111074209213257
62.64800500869751 0.49111074209213257
64.51582837104797 0.49111074209213257
66.14610648155212 0.49111074209213257
67.29453468322754 0.49111074209213257
68.60643744468689 0.49111074209213257
69.86979031562805 0.49111074209213257
71.05951595306396 0.49111074209213257
72.41453433036804 0.49111074209213257
73.57237553596497 0.49111074209213257
74.85046863555908 0.49111074209213257
76.34694981575012 0.49111074209213257
78.05943965911865 0.49111074209213257
79.37033891677856 0.49111074209213257
81.27497410774231 0.49111074209213257
82.87023973464966 0.49111074209213257
84.91138124465942 0.49111074209213257
86.87812066078186 0.49111074209213257
88.65016770362854 0.49111074209213257
90.50117182731628 0.49111074209213257
92.13811159133911 0.49111074209213257
93.80888772010803 0.49111074209213257
96.17535853385925 0.49111074209213257
97.97128248214722 0.49111074209213257
99.57604169845581 0.49111074209213257
101.2436351776123 0.49111074209213257
102.4929769039154 0.49111074209213257
104.68535661697388 0.49111074209213257
106.66076183319092 0.49111074209213257
108.33251476287842 0.49111074209213257
110.22784161567688 0.49111074209213257
111.50773453712463 0.49111074209213257
113.0511577129364 0.49111074209213257
114.74493217468262 0.49111074209213257
116.64579129219055 0.49111074209213257
118.62178015708923 0.49111074209213257
120.48786640167236 0.49111074209213257
122.1382827758789 0.49111074209213257
124.0017876625061 0.49111074209213257
125.76037502288818 0.49111074209213257
127.54804491996765 0.49111074209213257
129.4051992893219 0.49111074209213257
130.924067735672 0.49111074209213257
132.5217261314392 0.49111074209213257
134.0885410308838 0.49111074209213257
135.6811707019806 0.49111074209213257
137.24887108802795 0.49111074209213257
138.80877780914307 0.49111074209213257
140.4210171699524 0.49111074209213257
142.06004118919373 0.49111074209213257
143.1117115020752 0.49111074209213257
144.03033757209778 0.49111074209213257
145.17134046554565 0.49111074209213257
146.16485333442688 0.49111074209213257
146.94196557998657 0.49111074209213257
148.32034277915955 0.49111074209213257
150.0433850288391 0.49111074209213257
152.07684993743896 0.49111074209213257
153.39503717422485 0.49111074209213257
154.52614998817444 0.49111074209213257
156.14980626106262 0.49111074209213257
157.26904821395874 0.49111074209213257
158.53185772895813 0.49111074209213257
159.89054608345032 0.49111074209213257
161.19253516197205 0.49111074209213257
162.30078673362732 0.49111074209213257
163.83583617210388 0.49111074209213257
165.11811304092407 0.49111074209213257
166.5257670879364 0.49111074209213257
167.6815276145935 0.49111074209213257
168.78407049179077 0.49111074209213257
170.99218797683716 0.49111074209213257
172.38902974128723 0.49111074209213257
173.70464944839478 0.49111074209213257
175.25230073928833 0.49111074209213257
176.5071942806244 0.49111074209213257
177.99726796150208 0.49111074209213257
179.2176477909088 0.49111074209213257
180.40032744407654 0.49111074209213257
181.790185213089 0.49111074209213257
183.05415654182434 0.49111074209213257
184.31367993354797 0.49111074209213257
185.5616958141327 0.49111074209213257
186.86476039886475 0.49111074209213257
188.26783752441406 0.49111074209213257
189.51350450515747 0.49111074209213257
190.5771129131317 0.49111074209213257
192.0952410697937 0.49111074209213257
193.6422131061554 0.49111074209213257
195.42445874214172 0.49111074209213257
197.68170261383057 0.49111074209213257
199.00311708450317 0.49111074209213257
200.23211193084717 0.49111074209213257
202.26435112953186 0.49111074209213257
204.10295271873474 0.49111074209213257
205.71128010749817 0.49111074209213257
207.53311824798584 0.49111074209213257
209.07243847846985 0.49111074209213257
211.0590763092041 0.49111074209213257
212.10959887504578 0.49111074209213257
213.00874733924866 0.49111074209213257
214.74984002113342 0.49111074209213257
216.81883335113525 0.49111074209213257
218.39098620414734 0.49111074209213257
220.28917121887207 0.49111074209213257
222.25363063812256 0.49111074209213257
224.3595268726349 0.49111074209213257
225.8544204235077 0.49111074209213257
227.17545795440674 0.49111074209213257
228.9039204120636 0.49111074209213257
230.4657576084137 0.49111074209213257
231.6489462852478 0.49111074209213257
233.18358850479126 0.49111074209213257
234.2864499092102 0.49111074209213257
235.24371528625488 0.49111074209213257
236.4195613861084 0.49111074209213257
237.81315207481384 0.49111074209213257
239.19614911079407 0.49111074209213257
240.74062371253967 0.49111074209213257
242.1408851146698 0.49111074209213257
244.18929886817932 0.49111074209213257
245.8885214328766 0.49111074209213257
247.45148038864136 0.49111074209213257
249.5696246623993 0.49111074209213257
251.3397524356842 0.49111074209213257
252.74141836166382 0.49111074209213257
254.1758852005005 0.49111074209213257
256.03615736961365 0.49111074209213257
257.6856920719147 0.49111074209213257
259.54176664352417 0.49111074209213257
260.6839544773102 0.49111074209213257
262.08573293685913 0.49111074209213257
263.3747661113739 0.49111074209213257
265.15574383735657 0.49111074209213257
267.25295519828796 0.49111074209213257
268.97354316711426 0.49111074209213257
271.1808931827545 0.49111074209213257
273.2151930332184 0.49111074209213257
274.7129008769989 0.49111074209213257
277.0236828327179 0.49111074209213257
278.64526987075806 0.49111074209213257
280.2968051433563 0.49111074209213257
281.7994050979614 0.49111074209213257
283.17885875701904 0.49111074209213257
284.3866436481476 0.49111074209213257
285.6766412258148 0.49111074209213257
286.93329095840454 0.49111074209213257
288.1253092288971 0.49111074209213257
289.44189262390137 0.49111074209213257
290.54334902763367 0.49111074209213257
292.18636298179626 0.49111074209213257
294.40105986595154 0.49111074209213257
296.32183623313904 0.49111074209213257
298.55000042915344 0.49111074209213257
300.77625465393066 0.49111074209213257
302.6349847316742 0.49111074209213257
304.2334249019623 0.49111074209213257
306.0344126224518 0.49111074209213257
308.0450773239136 0.49111074209213257
310.17880749702454 0.49111074209213257
311.67828726768494 0.49111074209213257
312.85394859313965 0.49111074209213257
314.4234685897827 0.49111074209213257
316.37488532066345 0.49111074209213257
318.1801860332489 0.49111074209213257
319.70802903175354 0.49111074209213257
321.0106065273285 0.49111074209213257
322.60175704956055 0.49111074209213257
324.7849419116974 0.49111074209213257
326.62315487861633 0.49111074209213257
328.2364389896393 0.49111074209213257
329.437536239624 0.49111074209213257
330.949449300766 0.49111074209213257
332.72504472732544 0.49111074209213257
333.96881771087646 0.49111074209213257
335.45350408554077 0.49111074209213257
336.87074637413025 0.49111074209213257
338.52040219306946 0.49111074209213257
339.7085556983948 0.49111074209213257
341.0759057998657 0.49111074209213257
342.6047873497009 0.49111074209213257
343.7621431350708 0.49111074209213257
344.93970799446106 0.49111074209213257
346.282945394516 0.49111074209213257
347.44214391708374 0.49111074209213257
348.60931396484375 0.49111074209213257
349.95858335494995 0.49111074209213257
351.1410517692566 0.49111074209213257
352.47087049484253 0.49111074209213257
353.8129298686981 0.49111074209213257
355.0117754936218 0.49111074209213257
356.5724813938141 0.49111074209213257
358.0177912712097 0.49111074209213257
359.3195617198944 0.49111074209213257
360.7241864204407 0.49111074209213257
361.9496455192566 0.49111074209213257
363.33302092552185 0.49111074209213257
364.93342304229736 0.49111074209213257
366.40281772613525 0.49111074209213257
368.16509437561035 0.49111074209213257
369.7845952510834 0.49111074209213257
371.29365825653076 0.49111074209213257
373.15251755714417 0.49111074209213257
374.9252436161041 0.49111074209213257
376.6485574245453 0.49111074209213257
378.8144450187683 0.49111074209213257
380.8437693119049 0.49111074209213257
382.8972568511963 0.49111074209213257
384.55390882492065 0.49111074209213257
385.68838477134705 0.49111074209213257
387.36530685424805 0.49111074209213257
389.3442769050598 0.49111074209213257
390.6639668941498 0.49111074209213257
392.25596833229065 0.49111074209213257
393.70858931541443 0.49111074209213257
395.19895911216736 0.49111074209213257
397.21772861480713 0.49111074209213257
398.4201545715332 0.49111074209213257
399.81502079963684 0.49111074209213257
401.3063726425171 0.49111074209213257
402.54587960243225 0.49111074209213257
404.51520800590515 0.49111074209213257
406.381760597229 0.49111074209213257
408.10154843330383 0.49111074209213257
410.0769031047821 0.49111074209213257
411.3758764266968 0.49111074209213257
412.61345291137695 0.49111074209213257
414.11273288726807 0.49111074209213257
415.53166365623474 0.49111074209213257
417.05131554603577 0.49111074209213257
418.4333772659302 0.49111074209213257
419.7146809101105 0.49111074209213257
421.38831877708435 0.49111074209213257
423.02792596817017 0.49111074209213257
424.46378231048584 0.49111074209213257
426.08790397644043 0.49111074209213257
427.483282327652 0.49111074209213257
429.54070138931274 0.49111074209213257
431.29681420326233 0.49111074209213257
433.34806537628174 0.49111074209213257
435.55437421798706 0.49111074209213257
437.0953938961029 0.49111074209213257
438.44151163101196 0.49111074209213257
440.10715794563293 0.49111074209213257
441.3702187538147 0.49111074209213257
442.7504448890686 0.49111074209213257
444.183758020401 0.49111074209213257
445.4571135044098 0.48982182145118713
447.57401490211487 0.48982182145118713
449.1483700275421 0.48982182145118713
450.6485435962677 0.48982182145118713
452.6963324546814 0.48982182145118713
454.48672342300415 0.48982182145118713
455.8020830154419 0.48982182145118713
457.28176188468933 0.48982182145118713
458.5736689567566 0.48982182145118713
459.85871624946594 0.48982182145118713
461.31443309783936 0.48982182145118713
462.58046317100525 0.48982182145118713
464.42284893989563 0.48982182145118713
466.4152932167053 0.48982182145118713
468.2161922454834 0.48982182145118713
470.75104093551636 0.48982182145118713
472.1645817756653 0.48982182145118713
473.52397537231445 0.48982182145118713
474.5818417072296 0.48982182145118713
475.4927933216095 0.48982182145118713
476.6333019733429 0.48982182145118713
478.19931983947754 0.48982182145118713
479.45253801345825 0.48982182145118713
481.1128661632538 0.48982182145118713
482.8997242450714 0.48982182145118713
484.32266640663147 0.48982182145118713
485.9802074432373 0.4885057508945465
487.3743062019348 0.4885057508945465
488.85106587409973 0.4885057508945465
490.56786608695984 0.4885057508945465
492.1609251499176 0.4885057508945465
494.76845359802246 0.4885057508945465
496.3389675617218 0.4885057508945465
497.97450828552246 0.4885057508945465
499.63748049736023 0.4885057508945465
501.2440459728241 0.4885057508945465
503.0929036140442 0.4885057508945465
504.86620235443115 0.4885057508945465
506.6026647090912 0.4885057508945465
507.9428377151489 0.4885057508945465
509.5992112159729 0.4885057508945465
511.32042121887207 0.4885057508945465
513.1715867519379 0.4885057508945465
514.4444377422333 0.4885057508945465
515.636216878891 0.4885057508945465
517.058112859726 0.4885057508945465
518.5510611534119 0.4885057508945465
520.2884125709534 0.4885057508945465
521.7977092266083 0.4885057508945465
523.4649074077606 0.4885057508945465
525.3550019264221 0.4885057508945465
527.4072730541229 0.4885057508945465
529.1341865062714 0.4885057508945465
531.1753158569336 0.4885057508945465
532.4046630859375 0.4885057508945465
533.3916456699371 0.4885057508945465
534.8539462089539 0.4885057508945465
536.2375481128693 0.4885057508945465
537.4346947669983 0.4885057508945465
538.8408012390137 0.4885057508945465
540.4340534210205 0.4885057508945465
542.009486913681 0.4885057508945465
543.4242029190063 0.4885057508945465
544.9264578819275 0.4885057508945465
546.5149736404419 0.4885057508945465
547.872546672821 0.4885057508945465
549.0860381126404 0.4885057508945465
550.5698974132538 0.4885057508945465
552.4368290901184 0.4885057508945465
554.6477937698364 0.4885057508945465
556.5642926692963 0.4885057508945465
557.9482049942017 0.4885057508945465
559.3883719444275 0.4885057508945465
560.8641414642334 0.4885057508945465
562.4922924041748 0.4885057508945465
564.2704005241394 0.4885057508945465
565.6652858257294 0.4885057508945465
567.133617401123 0.4885057508945465
568.6943771839142 0.4885057508945465
570.0490243434906 0.4885057508945465
571.3645458221436 0.4885057508945465
572.8859529495239 0.4885057508945465
574.2501471042633 0.4885057508945465
575.9280068874359 0.4885057508945465
577.6836206912994 0.4885057508945465
578.7828924655914 0.4885057508945465
579.991806268692 0.4885057508945465
581.3393845558167 0.4885057508945465
582.4964938163757 0.4885057508945465
583.9606935977936 0.4885057508945465
585.1718466281891 0.4885057508945465
586.5848512649536 0.4885057508945465
588.0512442588806 0.4885057508945465
589.5589926242828 0.4885057508945465
591.395387172699 0.4885057508945465
592.9709284305573 0.4885057508945465
594.6515686511993 0.4885057508945465
596.4560441970825 0.4885057508945465
597.6798317432404 0.4885057508945465
599.0563361644745 0.4885057508945465
600.4949791431427 0.4885057508945465
602.0533699989319 0.4885057508945465
603.5279364585876 0.4885057508945465
604.7893393039703 0.4885057508945465
606.3069334030151 0.4885057508945465
607.9980490207672 0.4885057508945465
609.39861369133 0.4885057508945465
610.9107298851013 0.4885057508945465
612.4257910251617 0.4885057508945465
613.6948335170746 0.4885057508945465
614.8164534568787 0.4885057508945465
616.6502206325531 0.4885057508945465
618.0504186153412 0.4885057508945465
619.9522180557251 0.4885057508945465
621.2955183982849 0.4885057508945465
622.5323679447174 0.4885057508945465
624.2933020591736 0.4885057508945465
625.8204717636108 0.4885057508945465
627.2988975048065 0.4885057508945465
628.7932856082916 0.4885057508945465
630.2294976711273 0.4885057508945465
631.5524454116821 0.4885057508945465
633.3107459545135 0.4885057508945465
634.8514058589935 0.4885057508945465
636.6504552364349 0.4885057508945465
638.4606857299805 0.4885057508945465
640.5984847545624 0.4885057508945465
641.9670853614807 0.4885057508945465
643.1969838142395 0.4885057508945465
644.8038175106049 0.4885057508945465
646.3778967857361 0.4885057508945465
648.1458349227905 0.4885057508945465
650.6406874656677 0.4885057508945465
652.5967495441437 0.4885057508945465
654.6233577728271 0.4885057508945465
656.5545716285706 0.4885057508945465
658.1841037273407 0.4885057508945465
660.0474860668182 0.4885057508945465
661.9226741790771 0.4885057508945465
663.6140401363373 0.4885057508945465
664.9763505458832 0.4885057508945465
666.671247959137 0.4885057508945465
667.9763543605804 0.4885057508945465
669.5254068374634 0.4885057508945465
671.1566920280457 0.4885057508945465
672.6354355812073 0.4885057508945465
674.29447889328 0.4885057508945465
675.7661063671112 0.4885057508945465
677.364893913269 0.4885057508945465
678.7760539054871 0.4885057508945465
680.0712637901306 0.4885057508945465
681.3663465976715 0.4885057508945465
683.4834742546082 0.4885057508945465
685.4395349025726 0.4885057508945465
687.1450488567352 0.4885057508945465
688.6606459617615 0.4885057508945465
690.0261187553406 0.4885057508945465
692.231125831604 0.4885057508945465
694.1599674224854 0.4885057508945465
695.840738773346 0.4885057508945465
697.3624279499054 0.4885057508945465
698.773549079895 0.4885057508945465
700.2567448616028 0.4885057508945465
702.0256900787354 0.4885057508945465
703.791820526123 0.4885057508945465
705.798880815506 0.4885057508945465
707.4706959724426 0.4885057508945465
708.9436001777649 0.4885057508945465
710.8812580108643 0.4885057508945465
712.5619883537292 0.4885057508945465
714.0063679218292 0.4885057508945465
715.6546518802643 0.4885057508945465
716.7749483585358 0.4885057508945465
718.3010029792786 0.4885057508945465
719.7013032436371 0.4885057508945465
721.076194524765 0.4885057508945465
722.791829586029 0.4885057508945465
724.5850665569305 0.4885057508945465
726.2045984268188 0.4885057508945465
727.9856796264648 0.4885057508945465
729.6536042690277 0.4885057508945465
730.9049139022827 0.4885057508945465
732.2462649345398 0.4885057508945465
733.6259436607361 0.4885057508945465
735.2187263965607 0.4885057508945465
736.4885408878326 0.4885057508945465
737.821546792984 0.4885057508945465
740.088864326477 0.4885057508945465
742.0865302085876 0.4885057508945465
743.9909424781799 0.4885057508945465
745.9560263156891 0.4885057508945465
748.2093126773834 0.4885057508945465
749.898460149765 0.4885057508945465
751.8800086975098 0.4885057508945465
753.1054320335388 0.4885057508945465
755.0624258518219 0.4885057508945465
756.5309693813324 0.4885057508945465
758.4300768375397 0.4885057508945465
760.15007853508 0.4885057508945465
761.9768059253693 0.4885057508945465
763.9102838039398 0.4885057508945465
765.7603492736816 0.4885057508945465
767.1846415996552 0.4885057508945465
768.5131769180298 0.4885057508945465
769.3698332309723 0.4885057508945465
770.2188279628754 0.4885057508945465
771.5300612449646 0.4885057508945465
773.338721036911 0.4885057508945465
774.7680852413177 0.4885057508945465
776.2410187721252 0.4885057508945465
777.4385135173798 0.4885057508945465
778.7896337509155 0.4885057508945465
780.1324443817139 0.4885057508945465
781.3332979679108 0.4885057508945465
782.8269774913788 0.4885057508945465
784.1887698173523 0.4885057508945465
785.4416871070862 0.4885057508945465
786.8442950248718 0.4885057508945465
788.1389503479004 0.4885057508945465
789.3242337703705 0.4885057508945465
790.8620221614838 0.4885057508945465
792.237390756607 0.4885057508945465
793.8875267505646 0.4885057508945465
795.9062230587006 0.4885057508945465
797.4050686359406 0.4885057508945465
799.517410993576 0.4885057508945465
801.2292380332947 0.4885057508945465
803.3465919494629 0.4885057508945465
804.7678046226501 0.4885057508945465
806.551260471344 0.4885057508945465
808.3853914737701 0.4885057508945465
810.3590366840363 0.4885057508945465
812.4824917316437 0.4885057508945465
814.2469215393066 0.4885057508945465
815.9076402187347 0.4885057508945465
817.0267043113708 0.4885057508945465
818.651688337326 0.4885057508945465
819.4362154006958 0.4885057508945465
820.2070202827454 0.4885057508945465
821.1597135066986 0.4885057508945465
821.8758006095886 0.4885057508945465
822.6628172397614 0.4885057508945465
823.5290424823761 0.4885057508945465
824.4990749359131 0.4885057508945465
825.6054849624634 0.4885057508945465
826.6832830905914 0.4885057508945465
828.2928063869476 0.4885057508945465
830.1979763507843 0.4885057508945465
831.7445199489594 0.4885057508945465
832.934244632721 0.4885057508945465
834.8121855258942 0.4885057508945465
836.1638870239258 0.4885057508945465
837.2437558174133 0.4885057508945465
838.6196265220642 0.4885057508945465
840.0206415653229 0.4885057508945465
841.5728752613068 0.4885057508945465
842.8737215995789 0.4885057508945465
844.0793378353119 0.4885057508945465
845.5482437610626 0.4885057508945465
846.8791425228119 0.4885057508945465
848.1622574329376 0.4885057508945465
849.5664937496185 0.4885057508945465
850.8061995506287 0.4885057508945465
852.4590666294098 0.4885057508945465
854.59814620018 0.4885057508945465
856.3389163017273 0.4885057508945465
858.8449928760529 0.4885057508945465
860.7153389453888 0.4885057508945465
862.1334824562073 0.4885057508945465
864.0290458202362 0.4885057508945465
865.4993512630463 0.4885057508945465
866.6890037059784 0.4885057508945465
868.3689138889313 0.4885057508945465
869.7261302471161 0.4885057508945465
871.8581850528717 0.4885057508945465
872.7758991718292 0.4885057508945465
873.7325949668884 0.4885057508945465
875.3449804782867 0.4885057508945465
876.7264268398285 0.4885057508945465
878.3248109817505 0.4885057508945465
879.9387154579163 0.4885057508945465
881.0462181568146 0.4885057508945465
882.0981547832489 0.4885057508945465
883.4418964385986 0.4885057508945465
884.7138860225677 0.4885057508945465
886.3759412765503 0.4885057508945465
888.1052837371826 0.4885057508945465
889.6679587364197 0.4885057508945465
891.3303120136261 0.4885057508945465
893.0705387592316 0.4885057508945465
894.7276945114136 0.4885057508945465
896.4821286201477 0.4885057508945465
898.2897720336914 0.4885057508945465
900.1798079013824 0.4885057508945465
902.382817029953 0.4885057508945465
903.7327642440796 0.4885057508945465
905.7756941318512 0.4885057508945465
907.064003944397 0.4885057508945465
908.1935770511627 0.4885057508945465
909.4939105510712 0.4885057508945465
910.9285922050476 0.4885057508945465
912.3734445571899 0.4885057508945465
914.0529980659485 0.4885057508945465
915.5147986412048 0.4885057508945465
917.286200761795 0.4885057508945465
918.5988852977753 0.4885057508945465
919.3522591590881 0.4885057508945465
920.8635382652283 0.4885057508945465
922.2562975883484 0.4885057508945465
923.6493601799011 0.4885057508945465
925.132093667984 0.4885057508945465
926.6408700942993 0.4885057508945465
927.6346459388733 0.4885057508945465
928.8349232673645 0.4885057508945465
929.9419312477112 0.4885057508945465
931.6328597068787 0.4885057508945465
933.1762194633484 0.4885057508945465
934.2251765727997 0.4885057508945465
935.3533453941345 0.4885057508945465
936.4183523654938 0.4885057508945465
937.332700252533 0.4885057508945465
938.5167710781097 0.4885057508945465
939.5239722728729 0.4885057508945465
940.5425627231598 0.4885057508945465
941.6445515155792 0.4885057508945465
942.690938949585 0.4885057508945465
943.6827075481415 0.4885057508945465
944.6393275260925 0.4885057508945465
945.7427170276642 0.4885057508945465
947.3543083667755 0.4885057508945465
948.7995727062225 0.4885057508945465
949.9821584224701 0.4885057508945465
951.4062700271606 0.4885057508945465
952.948292016983 0.4885057508945465
954.4559562206268 0.4885057508945465
956.0149903297424 0.4885057508945465
957.9797568321228 0.4885057508945465
959.5188901424408 0.4885057508945465
961.4023699760437 0.4885057508945465
963.0066695213318 0.4885057508945465
964.7145688533783 0.4885057508945465
966.5841257572174 0.4885057508945465
968.2312617301941 0.4885057508945465
970.0487577915192 0.4885057508945465
971.4854462146759 0.4885057508945465
973.5155630111694 0.4885057508945465
975.6576154232025 0.4885057508945465
977.3085021972656 0.4885057508945465
979.1685674190521 0.4885057508945465
981.0240097045898 0.4885057508945465
983.2115981578827 0.4885057508945465
985.0548453330994 0.4885057508945465
987.1602900028229 0.4885057508945465
988.7643938064575 0.4885057508945465
990.7603054046631 0.4885057508945465
992.5658750534058 0.4885057508945465
994.2866170406342 0.4885057508945465
995.8081774711609 0.4885057508945465
996.586195230484 0.4885057508945465
997.4541215896606 0.4885057508945465
998.3937826156616 0.4885057508945465
999.168524980545 0.4885057508945465
1000.7678446769714 0.4885057508945465
1002.2562329769135 0.4885057508945465
1003.6667702198029 0.4885057508945465
1005.6345267295837 0.4885057508945465
1007.4255859851837 0.4885057508945465
1009.5812084674835 0.4885057508945465
1011.0763118267059 0.4885057508945465
1012.5033195018768 0.4885057508945465
1014.0837142467499 0.4885057508945465
1015.5090272426605 0.4885057508945465
1017.0077290534973 0.4885057508945465
1018.7779185771942 0.4885057508945465
1020.1972897052765 0.4885057508945465
1022.061870098114 0.4885057508945465
1023.7045516967773 0.4885057508945465
1025.541966676712 0.4885057508945465
1027.0329685211182 0.4885057508945465
1028.7309391498566 0.4885057508945465
1030.674664258957 0.4885057508945465
1032.3320050239563 0.4885057508945465
1033.8476564884186 0.4885057508945465
1035.244714975357 0.4885057508945465
1037.1297693252563 0.4885057508945465
1038.7047131061554 0.4885057508945465
1040.3651640415192 0.4885057508945465
1041.4929368495941 0.4885057508945465
1042.8486328125 0.4885057508945465
1044.3577904701233 0.4885057508945465
1045.3707172870636 0.4885057508945465
1046.656858921051 0.4885057508945465
1048.4022073745728 0.4885057508945465
1049.9192552566528 0.4885057508945465
1051.1012289524078 0.4885057508945465
1052.407749414444 0.4885057508945465
1053.719897031784 0.4885057508945465
1055.2248346805573 0.4885057508945465
1056.5958876609802 0.4885057508945465
1057.8546481132507 0.4885057508945465
1059.2035429477692 0.4885057508945465
1060.582035779953 0.4885057508945465
1061.7885382175446 0.4885057508945465
1063.5359070301056 0.4885057508945465
1065.2648355960846 0.4885057508945465
1067.2380039691925 0.4885057508945465
1068.914439201355 0.4885057508945465
1070.171552181244 0.4885057508945465
1071.6978509426117 0.4885057508945465
1072.9603855609894 0.4885057508945465
1074.2410728931427 0.4885057508945465
1075.6647081375122 0.4885057508945465
1077.2239062786102 0.4885057508945465
1078.8364460468292 0.4885057508945465
1080.3565809726715 0.4885057508945465
1081.8062512874603 0.4885057508945465
1083.4080276489258 0.4885057508945465
1085.251395702362 0.4885057508945465
1086.7186179161072 0.4885057508945465
1088.460868358612 0.4885057508945465
1089.8447337150574 0.4885057508945465
1091.4526207447052 0.4885057508945465
1093.294540643692 0.4885057508945465
1095.631425857544 0.4885057508945465
1097.0252299308777 0.4885057508945465
1098.809092283249 0.4885057508945465
1100.2853980064392 0.4885057508945465
1101.8075988292694 0.4885057508945465
1103.337807416916 0.4885057508945465
1104.7340414524078 0.4885057508945465
1106.418032169342 0.4885057508945465
1107.8311178684235 0.4885057508945465
1109.1405708789825 0.4885057508945465
1110.5085663795471 0.4885057508945465
1112.0306527614594 0.4885057508945465
1113.6103818416595 0.4885057508945465
1115.559250831604 0.4885057508945465
1117.2531113624573 0.4885057508945465
1119.27290725708 0.4885057508945465
1121.001797914505 0.4885057508945465
1122.5172100067139 0.4885057508945465
1124.5996737480164 0.4885057508945465
1126.4549577236176 0.4885057508945465
1127.608660697937 0.4885057508945465
1129.2929832935333 0.4885057508945465
1130.6649160385132 0.4885057508945465
1133.452401638031 0.4885057508945465
1134.6400051116943 0.4885057508945465
1135.696623802185 0.4885057508945465
1136.8017296791077 0.4885057508945465
1137.9284806251526 0.4885057508945465
1139.0509514808655 0.4885057508945465
1140.2651391029358 0.4885057508945465
1141.4247002601624 0.4885057508945465
1142.56427359581 0.4885057508945465
1143.4426884651184 0.4885057508945465
1144.238273382187 0.4885057508945465
1145.1514031887054 0.4885057508945465
1145.8977642059326 0.4885057508945465
1146.6622519493103 0.4885057508945465
1147.8961782455444 0.4885057508945465
1148.8995883464813 0.4885057508945465
1150.125475883484 0.4885057508945465
1151.7386524677277 0.4885057508945465
1153.9909081459045 0.4885057508945465
1155.6051089763641 0.4885057508945465
1157.0773301124573 0.4885057508945465
1159.0913050174713 0.4885057508945465
1161.2879462242126 0.4885057508945465
1163.4017171859741 0.4885057508945465
1164.680201292038 0.4885057508945465
1166.6603269577026 0.4885057508945465
1168.4142096042633 0.4885057508945465
1169.7488033771515 0.4885057508945465
1171.2159605026245 0.4885057508945465
1172.4176223278046 0.4885057508945465
1174.144201040268 0.4885057508945465
1175.8518297672272 0.4885057508945465
1177.7740375995636 0.4885057508945465
1179.3927001953125 0.4885057508945465
1180.8050775527954 0.4885057508945465
1182.237280845642 0.4885057508945465
1184.3090646266937 0.4885057508945465
1185.8486433029175 0.4885057508945465
1187.2566123008728 0.4885057508945465
1188.6798067092896 0.4885057508945465
1190.2099103927612 0.4885057508945465
1192.3032901287079 0.4885057508945465
1194.0496950149536 0.4885057508945465
1195.7483913898468 0.4885057508945465
1198.1765551567078 0.4885057508945465
1199.6342179775238 0.4885057508945465
1200.9431612491608 0.4885057508945465
1202.5638568401337 0.4885057508945465
1203.924726009369 0.4885057508945465
1205.1939888000488 0.4885057508945465
1206.8455839157104 0.4885057508945465
1208.2801487445831 0.4885057508945465
1209.768978357315 0.4885057508945465
1211.0894134044647 0.4885057508945465
1212.9044497013092 0.4885057508945465
1214.9300134181976 0.4885057508945465
1216.8565728664398 0.4885057508945465
1218.3746881484985 0.4885057508945465
1220.2557208538055 0.4885057508945465
1222.1602878570557 0.4885057508945465
1223.8206315040588 0.4885057508945465
1225.472820520401 0.4885057508945465
1226.9251794815063 0.4885057508945465
1228.1939668655396 0.4885057508945465
1229.358785867691 0.4885057508945465
1230.6224749088287 0.4885057508945465
1232.2207238674164 0.4885057508945465
1233.6242091655731 0.4885057508945465
1234.9579384326935 0.4885057508945465
1236.8304858207703 0.4885057508945465
1238.2827987670898 0.4885057508945465
1239.9471282958984 0.4885057508945465
1240.80615568161 0.4885057508945465
1241.6331470012665 0.4885057508945465
1243.162944316864 0.4885057508945465
1244.4019725322723 0.4885057508945465
1245.59548163414 0.4885057508945465
1247.3162744045258 0.4885057508945465
1248.926958322525 0.4885057508945465
1250.633531332016 0.4885057508945465
1252.9858872890472 0.4885057508945465
1254.5333156585693 0.4885057508945465
1256.1121981143951 0.4885057508945465
1257.5689537525177 0.4885057508945465
1259.3203995227814 0.4885057508945465
1261.3688349723816 0.4885057508945465
1263.0935723781586 0.4885057508945465
1264.905502319336 0.4885057508945465
1266.9527876377106 0.4885057508945465
1268.4042630195618 0.4885057508945465
1269.8320941925049 0.4885057508945465
1271.9799711704254 0.4885057508945465
1273.5930423736572 0.4885057508945465
1275.5066885948181 0.4885057508945465
1277.3217771053314 0.4885057508945465
1278.8193509578705 0.4885057508945465
1280.2514908313751 0.4885057508945465
1281.472004890442 0.4885057508945465
1282.783126592636 0.4885057508945465
1284.3351447582245 0.4879457354545593
1285.4944739341736 0.4879457354545593
1286.595524072647 0.4879457354545593
1287.568588733673 0.4879457354545593
1289.5918896198273 0.4879457354545593
1291.0496020317078 0.4879457354545593
1292.6175200939178 0.4879457354545593
1294.101567029953 0.4879457354545593
1296.1170296669006 0.4879457354545593
1297.8274590969086 0.4879457354545593
1299.3925864696503 0.4879457354545593
1301.1151881217957 0.4879457354545593
1302.71524477005 0.4879457354545593
1304.5652947425842 0.4879457354545593
1306.0576033592224 0.4879457354545593
1307.8667981624603 0.4879457354545593
1309.6465280056 0.4879457354545593
1311.4854137897491 0.4879457354545593
1312.7060642242432 0.4879457354545593
1314.2218174934387 0.4879457354545593
1315.7437236309052 0.4879457354545593
1317.1284070014954 0.4879457354545593
1319.273853302002 0.4879457354545593
1320.9345524311066 0.4879457354545593
1322.7783663272858 0.4879457354545593
1324.7907629013062 0.4879457354545593
1326.1820814609528 0.4879457354545593
1328.360095500946 0.4879457354545593
1329.849314212799 0.4879457354545593
1331.09952044487 0.4879457354545593
1332.6314239501953 0.4879457354545593
1333.353642463684 0.4879457354545593
1334.2211606502533 0.4879457354545593
1334.9205360412598 0.4879457354545593
1335.7987172603607 0.4879457354545593
1337.4501700401306 0.4879457354545593
1339.0456292629242 0.4879457354545593
1340.3708720207214 0.4879457354545593
1341.9538357257843 0.4879457354545593
1343.5148820877075 0.4879457354545593
1344.7634451389313 0.4879457354545593
1346.3790197372437 0.4879457354545593
1347.681007862091 0.4879457354545593
1349.8089170455933 0.4879457354545593
1351.7202789783478 0.4879457354545593
1352.9744246006012 0.4879457354545593
1354.693992137909 0.4879457354545593
1356.5390229225159 0.4879457354545593
1358.328622341156 0.4879457354545593
1360.262573480606 0.4879457354545593
1361.7557351589203 0.4879457354545593
1363.7285208702087 0.4879457354545593
1365.9656188488007 0.4879457354545593
1367.6752574443817 0.4879457354545593
1368.9325778484344 0.4879457354545593
1369.7696540355682 0.4879457354545593
1370.60657787323 0.4879457354545593
1371.7444508075714 0.4879457354545593
1372.716049671173 0.4879457354545593
1373.9987621307373 0.4879457354545593
1375.5847616195679 0.4879457354545593
1376.724102973938 0.4879457354545593
1377.6938953399658 0.4879457354545593
1378.9367408752441 0.4879457354545593
1379.9661977291107 0.4879457354545593
1381.1446733474731 0.4879457354545593
1382.6914446353912 0.4879457354545593
1384.6016397476196 0.4879457354545593
1386.6037616729736 0.4879457354545593
1387.87175655365 0.4879457354545593
1389.0114524364471 0.4879457354545593
1390.3736760616302 0.4879457354545593
1392.308454990387 0.4879457354545593
1394.4618382453918 0.4879457354545593
1396.0380449295044 0.4879457354545593
1397.4516229629517 0.4879457354545593
1399.2767190933228 0.4879457354545593
1400.8295612335205 0.4879457354545593
1402.4947266578674 0.4879457354545593
1404.2124655246735 0.4879457354545593
1405.9137165546417 0.4879457354545593
1407.0894865989685 0.4879457354545593
1408.5255241394043 0.4879457354545593
1409.8580830097198 0.4879457354545593
1411.7428705692291 0.4879457354545593
1413.727548122406 0.4879457354545593
1415.4728572368622 0.4879457354545593
1417.4971499443054 0.4879457354545593
1419.0498702526093 0.4879457354545593
1420.7305355072021 0.4879457354545593
1421.6609909534454 0.4879457354545593
1422.5396888256073 0.4879457354545593
1423.3716850280762 0.4879457354545593
1424.2108554840088 0.4879457354545593
1425.0235719680786 0.4879457354545593
1426.5417938232422 0.4879457354545593
1427.8210067749023 0.4879457354545593
1429.251626253128 0.4879457354545593
1430.902758359909 0.4879457354545593
1433.0729296207428 0.4879457354545593
1435.0147969722748 0.4879457354545593
1436.86678481102 0.4879457354545593
1438.3955624103546 0.4879457354545593
1440.3725981712341 0.4879457354545593
1441.6694512367249 0.4879457354545593
1443.5659039020538 0.4879457354545593
1445.6677358150482 0.4879457354545593
1447.1808626651764 0.4879457354545593
1448.4464819431305 0.4879457354545593
1449.8114156723022 0.4879457354545593
1451.3496959209442 0.4879457354545593
1452.5708720684052 0.4879457354545593
1454.0281438827515 0.4879457354545593
1455.2286818027496 0.4879457354545593
1456.6775391101837 0.4879457354545593
1458.0054597854614 0.4879457354545593
1459.2500145435333 0.4879457354545593
1460.602195739746 0.4879457354545593
1461.9369382858276 0.4879457354545593
1463.1813666820526 0.4879457354545593
1464.5398364067078 0.4879457354545593
1466.0873532295227 0.4879457354545593
1467.5591142177582 0.4879457354545593
1469.2373790740967 0.4879457354545593
1470.5529780387878 0.4879457354545593
1472.0390765666962 0.4879457354545593
1473.4104571342468 0.4879457354545593
1474.658166885376 0.4879457354545593
1476.4704775810242 0.4879457354545593
1478.1281781196594 0.4879457354545593
1480.1458723545074 0.4879457354545593
1482.05304813385 0.4879457354545593
1483.5916526317596 0.4879457354545593
1485.140840291977 0.4879457354545593
1486.954890012741 0.4879457354545593
1488.8893821239471 0.4879457354545593
1491.098430633545 0.4879457354545593
1493.123940706253 0.4879457354545593
1494.7588765621185 0.4879457354545593
1496.6493678092957 0.4879457354545593
1498.449559211731 0.4879457354545593
1500.0883135795593 0.4879457354545593
1502.1183319091797 0.4879457354545593
1503.6735150814056 0.4879457354545593
1505.6875307559967 0.4879457354545593
1507.055181980133 0.4879457354545593
1508.638004541397 0.4879457354545593
1510.7452340126038 0.4879457354545593
1511.9478743076324 0.4879457354545593
1512.8383114337921 0.4879457354545593
1513.7448596954346 0.4879457354545593
1514.66707777977 0.4879457354545593
1515.5153019428253 0.4879457354545593
1516.4336824417114 0.4879457354545593
1517.302114725113 0.4879457354545593
1518.3322079181671 0.4879457354545593
1519.2675640583038 0.4879457354545593
1520.1640384197235 0.4879457354545593
1521.182166814804 0.4879457354545593
1522.0835435390472 0.4879457354545593
1522.905701637268 0.4879457354545593
1523.9144203662872 0.4879457354545593
1524.8214738368988 0.4879457354545593
1525.740481853485 0.4879457354545593
1527.311322927475 0.4879457354545593
1528.803743839264 0.4879457354545593
1530.4451339244843 0.4879457354545593
1532.3245508670807 0.4879457354545593
1533.9058146476746 0.4879457354545593
1535.4487657546997 0.4879457354545593
1536.8227264881134 0.4879457354545593
1538.351749420166 0.4879457354545593
1540.518758058548 0.4879457354545593
