1.4592924118041992 0.562706470489502
2.670625925064087 0.552986741065979
4.3063435554504395 0.552986741065979
5.703756093978882 0.552986741065979
6.900721073150635 0.552986741065979
8.575843572616577 0.552986741065979
9.852229118347168 0.552986741065979
10.965058088302612 0.5453481674194336
12.457833051681519 0.5453481674194336
13.67548942565918 0.5453481674194336
15.358596086502075 0.5453481674194336
16.816736936569214 0.5453481674194336
18.196622133255005 0.5453481674194336
19.652763843536377 0.5432115197181702
20.81479001045227 0.5432115197181702
22.154492139816284 0.5432115197181702
23.90077805519104 0.5295166373252869
25.670504570007324 0.5074571371078491
27.009316444396973 0.5074571371078491
28.656644344329834 0.5074571371078491
30.03476858139038 0.5074571371078491
31.63376235961914 0.5074571371078491
32.912081241607666 0.5074571371078491
34.55864644050598 0.5074571371078491
36.52172541618347 0.5074571371078491
37.83953022956848 0.5074571371078491
39.1920850276947 0.5074571371078491
40.85493040084839 0.5074571371078491
42.229331254959106 0.5074571371078491
43.65158939361572 0.5074571371078491
45.22708201408386 0.5074571371078491
46.72453212738037 0.5074571371078491
48.23243522644043 0.5074571371078491
49.649269342422485 0.5074571371078491
51.096834659576416 0.4921312928199768
52.716606855392456 0.4921312928199768
54.33395791053772 0.4921312928199768
55.7674674987793 0.4921312928199768
57.252906799316406 0.4921312928199768
59.02090525627136 0.4921312928199768
60.92621636390686 0.4921312928199768
62.33704161643982 0.4921312928199768
64.05113911628723 0.4921312928199768
65.58677649497986 0.4921312928199768
67.06391906738281 0.4921312928199768
68.46412563323975 0.4921312928199768
70.13027143478394 0.4921312928199768
71.58052039146423 0.4921312928199768
73.12388134002686 0.4921312928199768
74.57243847846985 0.4921312928199768
76.16516637802124 0.4921312928199768
77.79609322547913 0.4921312928199768
79.39330005645752 0.4921312928199768
80.71141123771667 0.4921312928199768
82.63278698921204 0.4921312928199768
84.18689680099487 0.4921312928199768
85.64369416236877 0.4921312928199768
87.16641759872437 0.4921312928199768
88.69785284996033 0.4921312928199768
89.73495578765869 0.4921312928199768
90.65017700195312 0.4921312928199768
91.44082045555115 0.4921312928199768
92.50752329826355 0.4921312928199768
93.77642750740051 0.4921312928199768
95.29380965232849 0.4921312928199768
96.84818053245544 0.4921312928199768
98.13969016075134 0.4921312928199768
99.70632004737854 0.4921312928199768
101.43886995315552 0.4921312928199768
103.055011510849 0.4921312928199768
104.74444937705994 0.4921312928199768
106.39585614204407 0.4921312928199768
107.63129663467407 0.4921312928199768
109.03805637359619 0.4921312928199768
110.32526230812073 0.4921312928199768
111.52392411231995 0.4921312928199768
113.15339636802673 0.4921312928199768
114.48482871055603 0.4921312928199768
115.6880214214325 0.4921312928199768
117.05723357200623 0.4921312928199768
118.5437319278717 0.4921312928199768
120.5231032371521 0.4921312928199768
122.08470296859741 0.4921312928199768
123.4644718170166 0.4921312928199768
125.11745762825012 0.4921312928199768
126.8608090877533 0.4921312928199768
128.23428630828857 0.4921312928199768
129.88106417655945 0.4921312928199768
131.25242018699646 0.4921312928199768
131.86927151679993 0.4921312928199768
132.62874221801758 0.4921312928199768
133.41775798797607 0.4921312928199768
134.4687750339508 0.4921312928199768
135.4994068145752 0.4921312928199768
136.3117516040802 0.4921312928199768
137.19984412193298 0.4921312928199768
138.03928112983704 0.4921312928199768
138.7670340538025 0.4921312928199768
139.65859866142273 0.4921312928199768
140.42010831832886 0.4921312928199768
141.20871686935425 0.4921312928199768
142.0888867378235 0.4921312928199768
143.02921795845032 0.4921312928199768
144.1639494895935 0.4921312928199768
145.10014867782593 0.4921312928199768
145.8371365070343 0.4921312928199768
147.11546516418457 0.4921312928199768
148.3930139541626 0.4921312928199768
149.91503071784973 0.4921312928199768
151.45820832252502 0.4921312928199768
153.18634700775146 0.4921312928199768
155.17164039611816 0.4921312928199768
156.64408540725708 0.4921312928199768
157.79282593727112 0.4921312928199768
159.19181299209595 0.4921312928199768
160.49873900413513 0.4921312928199768
161.87020897865295 0.4921312928199768
163.46147990226746 0.4921312928199768
164.83221220970154 0.4921312928199768
166.01271533966064 0.4921312928199768
167.55129647254944 0.4921312928199768
169.11988806724548 0.4921312928199768
170.7113015651703 0.4921312928199768
172.18186926841736 0.4921312928199768
173.85580968856812 0.4921312928199768
175.41605043411255 0.4921312928199768
176.92477822303772 0.4921312928199768
178.0899887084961 0.4921312928199768
179.52623772621155 0.4921312928199768
180.73027920722961 0.4921312928199768
182.11754322052002 0.4921312928199768
183.6935966014862 0.4921312928199768
185.34280610084534 0.4921312928199768
186.8235740661621 0.4921312928199768
188.1874804496765 0.4921312928199768
189.68626928329468 0.4921312928199768
191.05513095855713 0.4921312928199768
192.30856776237488 0.4921312928199768
193.62633562088013 0.4921312928199768
195.12719106674194 0.4921312928199768
196.50510597229004 0.4921312928199768
198.0933587551117 0.4921312928199768
199.76082253456116 0.4921312928199768
201.09339237213135 0.4921312928199768
202.42199635505676 0.4921312928199768
203.74342823028564 0.4921312928199768
205.09237933158875 0.4921312928199768
206.9092047214508 0.4921312928199768
208.5259494781494 0.4921312928199768
210.0778510570526 0.4921312928199768
211.86329579353333 0.4921312928199768
213.1560275554657 0.4921312928199768
214.70541787147522 0.4921312928199768
216.30397295951843 0.4921312928199768
217.88997840881348 0.4921312928199768
219.44132781028748 0.4921312928199768
220.55323362350464 0.4921312928199768
221.4075186252594 0.4921312928199768
222.41255903244019 0.4921312928199768
223.42756509780884 0.4921312928199768
224.4122772216797 0.4921312928199768
225.8981420993805 0.4921312928199768
227.19827795028687 0.4921312928199768
228.7439124584198 0.4921312928199768
230.27369451522827 0.4921312928199768
231.5111906528473 0.4921312928199768
233.01837754249573 0.4921312928199768
234.70632314682007 0.4921312928199768
235.9989092350006 0.4921312928199768
237.44595575332642 0.4921312928199768
238.7292778491974 0.4921312928199768
240.37195444107056 0.4921312928199768
242.0362753868103 0.4921312928199768
243.40393543243408 0.4921312928199768
244.93148040771484 0.4921312928199768
246.67128777503967 0.4921312928199768
248.2384536266327 0.4921312928199768
249.8833601474762 0.4921312928199768
251.14685106277466 0.4921312928199768
252.57742428779602 0.4921312928199768
254.31760454177856 0.4921312928199768
255.91637468338013 0.4921312928199768
257.5931906700134 0.4921312928199768
259.2068257331848 0.4921312928199768
260.6024372577667 0.4921312928199768
261.6105794906616 0.4921312928199768
262.5290296077728 0.4921312928199768
263.9421455860138 0.4921312928199768
265.4838242530823 0.4921312928199768
266.86216497421265 0.4921312928199768
268.4458727836609 0.4921312928199768
270.21652007102966 0.4921312928199768
271.8277735710144 0.4921312928199768
273.33821511268616 0.4921312928199768
275.0495038032532 0.4921312928199768
276.7352075576782 0.4921312928199768
278.0822961330414 0.4921312928199768
279.11555075645447 0.4921312928199768
280.0198938846588 0.4921312928199768
280.96412444114685 0.4921312928199768
281.9258964061737 0.4921312928199768
282.8344633579254 0.4921312928199768
283.73956203460693 0.4921312928199768
284.762987613678 0.4921312928199768
286.27872586250305 0.4921312928199768
287.6979629993439 0.4921312928199768
289.03149914741516 0.4921312928199768
290.4567451477051 0.4921312928199768
291.789573431015 0.4921312928199768
293.03030037879944 0.4921312928199768
294.6957890987396 0.4921312928199768
296.094051361084 0.4921312928199768
297.6914277076721 0.4921312928199768
299.3657968044281 0.4921312928199768
300.73821210861206 0.4921312928199768
302.53297901153564 0.4921312928199768
304.189843416214 0.4921312928199768
305.6093940734863 0.4921312928199768
307.20785570144653 0.4921312928199768
308.58258962631226 0.4921312928199768
309.92687034606934 0.4921312928199768
311.41992473602295 0.4921312928199768
312.7945075035095 0.4921312928199768
314.4617130756378 0.4921312928199768
315.9659960269928 0.4921312928199768
317.6369740962982 0.4921312928199768
319.4098267555237 0.4921312928199768
320.8047547340393 0.4921312928199768
322.3140826225281 0.4921312928199768
323.98462080955505 0.4921312928199768
325.4844081401825 0.4921312928199768
326.9474446773529 0.4921312928199768
328.6084532737732 0.4921312928199768
330.23610615730286 0.4921312928199768
331.79103446006775 0.4921312928199768
333.16497325897217 0.4921312928199768
334.49144291877747 0.4921312928199768
336.29818749427795 0.4921312928199768
337.5798523426056 0.4921312928199768
338.7619209289551 0.4921312928199768
339.72765827178955 0.4921312928199768
340.5420386791229 0.4921312928199768
341.59676790237427 0.4921312928199768
342.36691522598267 0.4921312928199768
343.34275937080383 0.4921312928199768
345.05286598205566 0.4921312928199768
346.49080538749695 0.4921312928199768
347.7944269180298 0.4921312928199768
349.28735613822937 0.4921312928199768
350.581312417984 0.4921312928199768
352.06665897369385 0.4921312928199768
353.8507025241852 0.4921312928199768
355.2948741912842 0.4921312928199768
356.93009424209595 0.4921312928199768
358.68939208984375 0.4921312928199768
360.13125586509705 0.4921312928199768
361.9673457145691 0.4921312928199768
363.52388167381287 0.4921312928199768
364.9371716976166 0.4921312928199768
366.63313817977905 0.4921312928199768
368.09908843040466 0.4921312928199768
369.5135247707367 0.4921312928199768
371.50037813186646 0.4921312928199768
373.09515595436096 0.4921312928199768
374.8610985279083 0.4921312928199768
375.7654085159302 0.4921312928199768
376.47250413894653 0.4921312928199768
377.44793820381165 0.4921312928199768
378.90582966804504 0.4921312928199768
380.27644300460815 0.4921312928199768
381.92764592170715 0.4921312928199768
383.4641954898834 0.4921312928199768
384.83268785476685 0.4921312928199768
386.4900999069214 0.4921312928199768
388.060019493103 0.49078330397605896
389.6737103462219 0.49078330397605896
391.2398178577423 0.49078330397605896
392.3756604194641 0.49078330397605896
393.84900403022766 0.49078330397605896
395.5048050880432 0.49078330397605896
396.846718788147 0.49078330397605896
398.3605568408966 0.49078330397605896
399.64369201660156 0.49078330397605896
401.27107214927673 0.49078330397605896
402.6158390045166 0.49078330397605896
403.7872540950775 0.49078330397605896
405.67675518989563 0.49078330397605896
407.1104004383087 0.49078330397605896
408.5776879787445 0.49078330397605896
410.22243452072144 0.49078330397605896
412.04509949684143 0.49078330397605896
413.25937724113464 0.49078330397605896
414.07241654396057 0.49078330397605896
415.19655179977417 0.49078330397605896
417.0343165397644 0.49078330397605896
418.5966396331787 0.49078330397605896
420.4341745376587 0.49078330397605896
421.9485332965851 0.49078330397605896
423.3008043766022 0.49078330397605896
424.72455310821533 0.49078330397605896
426.37159633636475 0.49078330397605896
428.0527527332306 0.49078330397605896
429.7625768184662 0.49078330397605896
431.54243302345276 0.49078330397605896
433.111572265625 0.49078330397605896
435.1070702075958 0.49078330397605896
436.76990842819214 0.49078330397605896
438.3932435512543 0.49078330397605896
439.99050211906433 0.49078330397605896
441.38131284713745 0.49078330397605896
442.38167905807495 0.49078330397605896
443.7363111972809 0.49078330397605896
445.1789138317108 0.49078330397605896
446.98369002342224 0.49078330397605896
448.6515154838562 0.49078330397605896
449.96465158462524 0.49078330397605896
451.49697971343994 0.49078330397605896
453.0355179309845 0.49078330397605896
454.45801997184753 0.49078330397605896
455.3236246109009 0.49078330397605896
456.19982981681824 0.49078330397605896
456.8983590602875 0.49078330397605896
457.8847236633301 0.49078330397605896
458.759596824646 0.49078330397605896
459.8151867389679 0.49078330397605896
460.7023239135742 0.49078330397605896
461.45765590667725 0.49078330397605896
462.4233694076538 0.49078330397605896
464.17465686798096 0.49078330397605896
465.4955358505249 0.49078330397605896
467.48159527778625 0.49078330397605896
468.94060611724854 0.49078330397605896
470.3929271697998 0.49078330397605896
471.8919565677643 0.49078330397605896
473.3528597354889 0.49078330397605896
475.2894911766052 0.49078330397605896
476.65611028671265 0.49078330397605896
478.053649187088 0.49078330397605896
479.76693058013916 0.49078330397605896
481.39971256256104 0.49078330397605896
482.8245270252228 0.49078330397605896
484.57338070869446 0.49078330397605896
485.90862011909485 0.49078330397605896
487.53505873680115 0.49078330397605896
489.26437997817993 0.49078330397605896
490.5969936847687 0.49078330397605896
491.7490646839142 0.49078330397605896
493.19072556495667 0.49078330397605896
494.3637020587921 0.49078330397605896
495.97808289527893 0.49078330397605896
497.24433183670044 0.49078330397605896
498.6370048522949 0.49078330397605896
500.09626936912537 0.49078330397605896
500.8520963191986 0.49078330397605896
501.99632120132446 0.49078330397605896
503.505197763443 0.49078330397605896
504.98938632011414 0.49078330397605896
506.7552764415741 0.49078330397605896
508.13671016693115 0.49078330397605896
509.7648570537567 0.49078330397605896
511.54177021980286 0.49078330397605896
513.198445558548 0.49078330397605896
514.6135849952698 0.49078330397605896
516.6468522548676 0.49078330397605896
518.0745778083801 0.49078330397605896
519.7129642963409 0.49078330397605896
521.1079547405243 0.49078330397605896
522.4980561733246 0.49078330397605896
524.1268241405487 0.49078330397605896
525.5131151676178 0.49078330397605896
526.877322435379 0.49078330397605896
528.5454416275024 0.49078330397605896
529.7804026603699 0.49078330397605896
531.4778034687042 0.49078330397605896
533.1624040603638 0.49078330397605896
534.5923833847046 0.49078330397605896
536.5768909454346 0.49078330397605896
537.892507314682 0.49078330397605896
539.1870365142822 0.49078330397605896
540.7214365005493 0.49078330397605896
541.6814365386963 0.49078330397605896
542.554310798645 0.49078330397605896
543.5225129127502 0.49078330397605896
544.5849754810333 0.49078330397605896
546.072273015976 0.49078330397605896
546.8973345756531 0.49078330397605896
547.7095620632172 0.49078330397605896
549.0795664787292 0.49078330397605896
550.4346368312836 0.49078330397605896
551.827305316925 0.49078330397605896
553.2522287368774 0.49078330397605896
554.7768070697784 0.49078330397605896
556.1239075660706 0.49078330397605896
557.7820131778717 0.49078330397605896
559.2022428512573 0.49078330397605896
560.9794268608093 0.49078330397605896
562.2539882659912 0.49078330397605896
563.5095062255859 0.49078330397605896
565.1110990047455 0.49078330397605896
566.4748649597168 0.49078330397605896
567.910135269165 0.49078330397605896
569.2742345333099 0.49078330397605896
570.7594666481018 0.49078330397605896
572.0746994018555 0.49078330397605896
573.8782091140747 0.49078330397605896
575.0857515335083 0.49078330397605896
576.7042407989502 0.49078330397605896
578.1268365383148 0.49078330397605896
579.6174125671387 0.49078330397605896
581.0876767635345 0.49078330397605896
581.7975327968597 0.49078330397605896
582.4189155101776 0.49078330397605896
583.5648939609528 0.49078330397605896
584.545681476593 0.49078330397605896
585.7379739284515 0.49078330397605896
586.7236435413361 0.49078330397605896
588.0436654090881 0.49078330397605896
589.6802151203156 0.49078330397605896
591.1498613357544 0.49078330397605896
592.6471717357635 0.49078330397605896
594.3102176189423 0.49078330397605896
595.75337266922 0.49078330397605896
597.0458199977875 0.49078330397605896
598.4636671543121 0.49078330397605896
599.8098835945129 0.49078330397605896
601.3671660423279 0.49078330397605896
602.8885979652405 0.49078330397605896
604.3409705162048 0.49078330397605896
605.8075399398804 0.49078330397605896
607.1463539600372 0.49078330397605896
608.3773109912872 0.49078330397605896
609.6299302577972 0.49078330397605896
610.6689438819885 0.49078330397605896
611.4297604560852 0.49078330397605896
613.1174325942993 0.49078330397605896
614.6076574325562 0.49078330397605896
616.1360359191895 0.49078330397605896
617.5655744075775 0.49078330397605896
618.9177300930023 0.49078330397605896
620.4731166362762 0.49078330397605896
621.9622502326965 0.49078330397605896
623.2297959327698 0.49078330397605896
625.2220058441162 0.49078330397605896
626.2037625312805 0.49078330397605896
627.1129105091095 0.49078330397605896
628.6342463493347 0.49078330397605896
630.182981967926 0.49078330397605896
631.8044672012329 0.49078330397605896
633.292263507843 0.49078330397605896
634.6963362693787 0.49078330397605896
636.2302370071411 0.49078330397605896
637.8258581161499 0.49078330397605896
639.2044513225555 0.49078330397605896
641.0838363170624 0.49078330397605896
642.770923614502 0.49078330397605896
644.664708852768 0.49078330397605896
646.0996923446655 0.49078330397605896
647.5046486854553 0.49078330397605896
648.9985327720642 0.49078330397605896
650.6888682842255 0.49078330397605896
651.9777479171753 0.49078330397605896
653.7069363594055 0.49078330397605896
655.409994840622 0.49078330397605896
656.9699203968048 0.49078330397605896
658.4578936100006 0.49078330397605896
659.8907825946808 0.49078330397605896
661.3725180625916 0.49078330397605896
662.8422298431396 0.49078330397605896
664.2442772388458 0.49078330397605896
665.7531714439392 0.49078330397605896
667.3562066555023 0.49078330397605896
668.7872021198273 0.49078330397605896
669.6279318332672 0.49078330397605896
670.5059878826141 0.49078330397605896
671.2784924507141 0.49078330397605896
672.1743941307068 0.49078330397605896
672.9444477558136 0.49078330397605896
673.8682570457458 0.49078330397605896
674.6633977890015 0.49078330397605896
675.4195511341095 0.49078330397605896
676.3027789592743 0.49078330397605896
677.7021055221558 0.49078330397605896
678.974112033844 0.49078330397605896
680.6622755527496 0.49078330397605896
682.4417407512665 0.49078330397605896
684.0302262306213 0.49078330397605896
685.5139462947845 0.49078330397605896
686.7983181476593 0.49078330397605896
688.6336824893951 0.49078330397605896
690.1224117279053 0.49078330397605896
691.5598363876343 0.49078330397605896
693.1226058006287 0.49078330397605896
694.6466403007507 0.49078330397605896
695.9954054355621 0.49078330397605896
696.9812514781952 0.49078330397605896
697.774041891098 0.49078330397605896
698.7884998321533 0.49078330397605896
700.225417137146 0.49078330397605896
701.446496963501 0.49078330397605896
703.1308374404907 0.49078330397605896
704.7056910991669 0.49078330397605896
706.1238956451416 0.49078330397605896
707.7418372631073 0.49078330397605896
709.3554437160492 0.49078330397605896
710.9862644672394 0.49078330397605896
712.5424408912659 0.49078330397605896
714.0358002185822 0.49078330397605896
715.9193785190582 0.49078330397605896
717.4488482475281 0.49078330397605896
718.8817617893219 0.49078330397605896
720.9999189376831 0.49078330397605896
722.549768447876 0.49078330397605896
724.079074382782 0.49078330397605896
725.7506136894226 0.49078330397605896
726.7023375034332 0.49078330397605896
727.8008217811584 0.49078330397605896
729.2553102970123 0.49078330397605896
730.6660826206207 0.49078330397605896
732.1857199668884 0.49078330397605896
733.7372140884399 0.49078330397605896
735.3305201530457 0.49078330397605896
736.8316028118134 0.49078330397605896
738.3418834209442 0.49078330397605896
739.7380294799805 0.49078330397605896
741.323264837265 0.49078330397605896
742.820987701416 0.49078330397605896
744.4196619987488 0.49078330397605896
746.0102066993713 0.49078330397605896
747.3589222431183 0.49078330397605896
749.2841095924377 0.49078330397605896
750.5158452987671 0.49078330397605896
751.9751210212708 0.49078330397605896
752.9805989265442 0.49078330397605896
753.7619371414185 0.49078330397605896
754.4926295280457 0.49078330397605896
755.4203011989594 0.49078330397605896
756.7349619865417 0.49078330397605896
758.5699830055237 0.49078330397605896
760.1358153820038 0.49078330397605896
761.4403567314148 0.49078330397605896
763.3111705780029 0.49078330397605896
764.9607303142548 0.49078330397605896
765.9265556335449 0.49078330397605896
767.768595457077 0.49078330397605896
769.2734162807465 0.49078330397605896
770.6387314796448 0.49078330397605896
772.2626655101776 0.49078330397605896
773.552652835846 0.49078330397605896
775.1176650524139 0.49078330397605896
776.531952381134 0.49078330397605896
778.0653018951416 0.49078330397605896
780.0176885128021 0.49078330397605896
781.3819618225098 0.49078330397605896
782.6687512397766 0.49078330397605896
784.3626792430878 0.49078330397605896
785.8660607337952 0.49078330397605896
787.7815654277802 0.49078330397605896
789.1579887866974 0.49078330397605896
790.5999314785004 0.49078330397605896
792.5235388278961 0.49078330397605896
793.9604411125183 0.49078330397605896
794.8840560913086 0.49078330397605896
795.6455452442169 0.49078330397605896
796.2691826820374 0.49078330397605896
796.9068953990936 0.49078330397605896
797.5772123336792 0.49078330397605896
798.3531911373138 0.49078330397605896
799.8482096195221 0.49078330397605896
801.2091615200043 0.49078330397605896
802.4807810783386 0.49078330397605896
803.9870200157166 0.49078330397605896
805.5757837295532 0.49078330397605896
806.9110491275787 0.49078330397605896
808.3445701599121 0.49078330397605896
809.8821239471436 0.49078330397605896
811.3626999855042 0.49078330397605896
812.938229560852 0.49078330397605896
814.2607350349426 0.49078330397605896
816.4096729755402 0.49078330397605896
817.8755619525909 0.49078330397605896
819.260347366333 0.49078330397605896
821.0321702957153 0.49078330397605896
822.734593629837 0.49078330397605896
824.252049446106 0.49078330397605896
825.8586666584015 0.49078330397605896
827.4483888149261 0.49078330397605896
829.317501783371 0.49078330397605896
830.8134932518005 0.49078330397605896
832.1561236381531 0.49078330397605896
833.5372931957245 0.49078330397605896
834.4442756175995 0.49078330397605896
835.2359700202942 0.49078330397605896
836.6821403503418 0.49078330397605896
837.9860553741455 0.49078330397605896
839.1646490097046 0.49078330397605896
840.9376106262207 0.49078330397605896
842.3605990409851 0.49078330397605896
844.0412006378174 0.49078330397605896
845.5158171653748 0.49078330397605896
847.0637283325195 0.49078330397605896
848.6737403869629 0.49078330397605896
850.0006482601166 0.49078330397605896
851.3224802017212 0.49078330397605896
853.0455656051636 0.49078330397605896
854.434095621109 0.49078330397605896
855.7018263339996 0.49078330397605896
857.6616015434265 0.49078330397605896
859.1822319030762 0.49078330397605896
860.9605736732483 0.49078330397605896
862.5204880237579 0.49078330397605896
863.8475294113159 0.49078330397605896
865.446674823761 0.49078330397605896
866.7441561222076 0.49078330397605896
868.1404056549072 0.49078330397605896
869.9438586235046 0.49078330397605896
871.565821647644 0.49078330397605896
872.4311792850494 0.49078330397605896
873.1512598991394 0.49078330397605896
874.1596224308014 0.49078330397605896
875.909294128418 0.49078330397605896
877.240852355957 0.49078330397605896
878.6432223320007 0.49078330397605896
880.297956943512 0.49078330397605896
881.8169083595276 0.49078330397605896
883.1389980316162 0.49078330397605896
884.6697101593018 0.49078330397605896
886.1434109210968 0.49078330397605896
887.6902642250061 0.49078330397605896
889.1551151275635 0.49078330397605896
890.6902067661285 0.49078330397605896
892.2106330394745 0.49078330397605896
893.6471331119537 0.49078330397605896
895.2369141578674 0.49078330397605896
896.7920849323273 0.49078330397605896
898.053465127945 0.49078330397605896
899.451024055481 0.49078330397605896
901.11319231987 0.49078330397605896
902.5358488559723 0.49078330397605896
904.4328286647797 0.49078330397605896
906.1067926883698 0.49078330397605896
907.4155435562134 0.49078330397605896
908.9862430095673 0.49078330397605896
910.4833223819733 0.49078330397605896
911.1189677715302 0.49078330397605896
911.8078751564026 0.49078330397605896
912.69154047966 0.49078330397605896
913.4072217941284 0.49078330397605896
914.3117296695709 0.49078330397605896
915.2233040332794 0.49078330397605896
917.1276049613953 0.49078330397605896
918.6801512241364 0.49078330397605896
920.120840549469 0.49078330397605896
921.9700820446014 0.49078330397605896
923.3129262924194 0.49078330397605896
924.9023635387421 0.49078330397605896
926.5936641693115 0.49078330397605896
928.0568888187408 0.49078330397605896
929.7269973754883 0.49078330397605896
931.2525987625122 0.49078330397605896
932.6825911998749 0.49078330397605896
934.2824730873108 0.49078330397605896
935.7846925258636 0.49078330397605896
937.2718644142151 0.49078330397605896
939.031792640686 0.49078330397605896
940.5215992927551 0.49078330397605896
942.0321958065033 0.49078330397605896
943.590166091919 0.49078330397605896
944.9272241592407 0.49078330397605896
946.9202032089233 0.49078330397605896
948.3348622322083 0.49078330397605896
949.6990780830383 0.49078330397605896
950.7968928813934 0.49078330397605896
951.5985095500946 0.49078330397605896
952.3606014251709 0.49078330397605896
953.3195450305939 0.49078330397605896
954.2382116317749 0.49078330397605896
955.1217706203461 0.49078330397605896
956.2236557006836 0.49078330397605896
957.2426121234894 0.49078330397605896
958.2572920322418 0.49078330397605896
959.4363911151886 0.49078330397605896
960.7217497825623 0.49078330397605896
962.2434070110321 0.49078330397605896
963.9022462368011 0.49078330397605896
965.3178782463074 0.49078330397605896
966.7609465122223 0.49078330397605896
968.0045478343964 0.49078330397605896
969.7452161312103 0.49078330397605896
971.3357830047607 0.49078330397605896
972.6956543922424 0.49078330397605896
974.4119894504547 0.49078330397605896
975.9400992393494 0.49078330397605896
976.8048951625824 0.49078330397605896
977.806848526001 0.49078330397605896
978.7855150699615 0.49078330397605896
979.5341331958771 0.49078330397605896
980.6023852825165 0.49078330397605896
981.6712882518768 0.49078330397605896
983.2483744621277 0.49078330397605896
984.7563433647156 0.49078330397605896
986.0604431629181 0.49078330397605896
987.69447016716 0.49078330397605896
989.081951379776 0.49078330397605896
990.6191558837891 0.49078330397605896
992.521032333374 0.49078330397605896
994.018714427948 0.49078330397605896
995.2532014846802 0.49078330397605896
996.7114498615265 0.49078330397605896
998.1183640956879 0.49078330397605896
999.740739107132 0.49078330397605896
1001.117730140686 0.49078330397605896
1002.3764057159424 0.49078330397605896
1004.2143297195435 0.49078330397605896
1005.5530769824982 0.49078330397605896
1006.9155840873718 0.49078330397605896
1008.6132025718689 0.49078330397605896
1010.3491697311401 0.49078330397605896
1011.7538890838623 0.49078330397605896
1013.5245769023895 0.49078330397605896
1015.091121673584 0.49078330397605896
1016.951308965683 0.49078330397605896
1018.5507781505585 0.49078330397605896
1020.2027840614319 0.49078330397605896
1022.0044400691986 0.49078330397605896
1022.8044939041138 0.49078330397605896
1023.4973027706146 0.49078330397605896
1024.417566537857 0.49078330397605896
1025.2320537567139 0.49078330397605896
1026.236943244934 0.49078330397605896
1027.0930190086365 0.49078330397605896
1027.7977583408356 0.49078330397605896
1028.8023335933685 0.49078330397605896
1030.104178905487 0.49078330397605896
1031.2790830135345 0.49078330397605896
1032.8646495342255 0.49078330397605896
1034.3078291416168 0.49078330397605896
1035.6137025356293 0.49078330397605896
1037.2474842071533 0.49078330397605896
1038.619491815567 0.49078330397605896
1040.2844305038452 0.49078330397605896
1041.6951825618744 0.49078330397605896
1043.1923530101776 0.49078330397605896
1044.6895833015442 0.49078330397605896
1046.147547006607 0.49078330397605896
1047.5099301338196 0.49078330397605896
1049.20601272583 0.49078330397605896
1050.9449043273926 0.49078330397605896
1052.5608303546906 0.49078330397605896
1054.4996464252472 0.49078330397605896
1056.0545818805695 0.49078330397605896
1057.4987161159515 0.49078330397605896
1059.114049911499 0.49078330397605896
1060.4661755561829 0.49078330397605896
1062.1611461639404 0.49078330397605896
1063.615561246872 0.49078330397605896
1065.028805732727 0.49078330397605896
1066.5664024353027 0.49078330397605896
1067.9748117923737 0.49078330397605896
1069.6431212425232 0.49078330397605896
1070.925992012024 0.49078330397605896
1072.1378700733185 0.49078330397605896
1073.778113603592 0.49078330397605896
1075.3703985214233 0.49078330397605896
1076.8063967227936 0.49078330397605896
1078.3026576042175 0.49078330397605896
1079.8944218158722 0.49078330397605896
1081.4497225284576 0.49078330397605896
1083.009661912918 0.49078330397605896
1084.2966322898865 0.49078330397605896
1086.3961169719696 0.49078330397605896
1088.00395321846 0.49078330397605896
1089.5881032943726 0.49078330397605896
1091.2871978282928 0.49078330397605896
1092.5908439159393 0.49078330397605896
1094.056574344635 0.49078330397605896
1095.8645315170288 0.49078330397605896
1097.4092462062836 0.49078330397605896
1098.7107906341553 0.49078330397605896
1100.5269229412079 0.49078330397605896
1102.2807817459106 0.49078330397605896
1103.8610534667969 0.49078330397605896
1105.6231744289398 0.49078330397605896
1107.1356058120728 0.49078330397605896
1108.9465854167938 0.49078330397605896
1110.1877183914185 0.49078330397605896
1111.0112657546997 0.49078330397605896
1112.0018877983093 0.49078330397605896
1112.803738117218 0.49078330397605896
1113.5518312454224 0.49078330397605896
1114.4308042526245 0.49078330397605896
1115.210247039795 0.49078330397605896
1116.1622548103333 0.49078330397605896
1117.0511374473572 0.49078330397605896
1117.8449079990387 0.49078330397605896
1119.4755535125732 0.49078330397605896
1120.893994808197 0.49078330397605896
1122.3744940757751 0.49078330397605896
1123.988055229187 0.49078330397605896
1125.3535170555115 0.49078330397605896
1127.1948671340942 0.49078330397605896
1128.7909832000732 0.49078330397605896
1130.2464008331299 0.49078330397605896
1132.0314898490906 0.49078330397605896
1133.496851682663 0.49078330397605896
1135.0170321464539 0.49078330397605896
1136.8778398036957 0.49078330397605896
1138.2096424102783 0.49078330397605896
1139.6684472560883 0.49078330397605896
1140.4818742275238 0.49078330397605896
1141.2410418987274 0.49078330397605896
1142.1215908527374 0.49078330397605896
1142.959258556366 0.49078330397605896
1143.7300412654877 0.49078330397605896
1144.6352698802948 0.49078330397605896
1145.407433271408 0.49078330397605896
1146.1741852760315 0.49078330397605896
1146.8936307430267 0.49078330397605896
1147.552874803543 0.49078330397605896
1148.1582171916962 0.49078330397605896
1148.8455095291138 0.49078330397605896
1149.52978849411 0.49078330397605896
1150.2342026233673 0.49078330397605896
1151.5099635124207 0.49078330397605896
1152.8310055732727 0.49078330397605896
1154.4516274929047 0.49078330397605896
1155.9417469501495 0.49078330397605896
1157.3796734809875 0.49078330397605896
1159.1306002140045 0.49078330397605896
1160.539347410202 0.49078330397605896
1162.3577709197998 0.49078330397605896
1163.9624614715576 0.49078330397605896
1165.3918325901031 0.49078330397605896
1167.1132831573486 0.49078330397605896
1168.3921520709991 0.49078330397605896
1169.628793001175 0.49078330397605896
1171.0788178443909 0.49078330397605896
1172.6147389411926 0.49078330397605896
1174.1456253528595 0.49078330397605896
1175.521211862564 0.49078330397605896
1176.9439613819122 0.49078330397605896
1178.499916791916 0.49078330397605896
1179.7201220989227 0.49078330397605896
1180.5404133796692 0.49078330397605896
1181.4865481853485 0.49078330397605896
1182.2659180164337 0.49078330397605896
1183.0222671031952 0.49078330397605896
1183.9257826805115 0.49078330397605896
1184.7428450584412 0.49078330397605896
1186.110152721405 0.49078330397605896
1187.751609325409 0.49078330397605896
1189.4680440425873 0.49078330397605896
1191.012437582016 0.49078330397605896
1192.3677048683167 0.49078330397605896
1193.6105885505676 0.49078330397605896
1195.2761254310608 0.49078330397605896
1196.6198680400848 0.49078330397605896
1197.8575685024261 0.49078330397605896
1199.3683280944824 0.49078330397605896
1200.5729522705078 0.49078330397605896
1202.3739767074585 0.49078330397605896
1203.925937652588 0.49078330397605896
1205.2337772846222 0.49078330397605896
1206.895783662796 0.49078330397605896
1208.2521114349365 0.49078330397605896
1209.850881099701 0.49078330397605896
1211.3910193443298 0.49078330397605896
1212.8079271316528 0.49078330397605896
1213.973881483078 0.49078330397605896
1215.5821478366852 0.49078330397605896
1216.9860084056854 0.49078330397605896
1218.5317265987396 0.49078330397605896
1219.35764336586 0.49078330397605896
1220.119052886963 0.49078330397605896
1221.1532542705536 0.49078330397605896
1221.9444212913513 0.49078330397605896
1222.7839708328247 0.49078330397605896
1223.7653810977936 0.49078330397605896
1224.6555845737457 0.49078330397605896
1225.4450635910034 0.49078330397605896
1226.3878154754639 0.49078330397605896
1227.1849937438965 0.49078330397605896
1228.1010570526123 0.49078330397605896
1229.0014066696167 0.49078330397605896
1229.767455816269 0.49078330397605896
1230.9622929096222 0.49078330397605896
1231.9747467041016 0.49078330397605896
1233.575202703476 0.49078330397605896
1235.1152999401093 0.49078330397605896
1236.6898612976074 0.49078330397605896
1237.9841983318329 0.49078330397605896
1239.505986213684 0.49078330397605896
1241.007987499237 0.49078330397605896
1242.5378019809723 0.49078330397605896
1243.900300502777 0.49078330397605896
1244.9371831417084 0.49078330397605896
1245.8263006210327 0.49078330397605896
1246.6616978645325 0.49078330397605896
1247.4763250350952 0.49078330397605896
1248.3203570842743 0.49078330397605896
1249.7319977283478 0.49078330397605896
1251.770173072815 0.49078330397605896
1253.2625560760498 0.49078330397605896
1254.7949578762054 0.49078330397605896
1256.4039463996887 0.49078330397605896
1258.1154959201813 0.49078330397605896
1259.8202221393585 0.49078330397605896
1261.8506705760956 0.49078330397605896
1263.3932206630707 0.49078330397605896
1264.3643486499786 0.49078330397605896
1265.2106461524963 0.49078330397605896
1266.4890298843384 0.49078330397605896
1268.4211201667786 0.49078330397605896
1269.9740443229675 0.49078330397605896
1271.5406522750854 0.49078330397605896
1273.1637034416199 0.49078330397605896
1274.5600054264069 0.49078330397605896
1275.9211995601654 0.49078330397605896
1277.641636133194 0.49078330397605896
1279.156747341156 0.49078330397605896
1280.5932755470276 0.49078330397605896
1282.10861825943 0.49078330397605896
1283.7092185020447 0.49078330397605896
1285.4547140598297 0.49078330397605896
1286.9395077228546 0.49078330397605896
1288.3455595970154 0.49078330397605896
1289.9949796199799 0.49078330397605896
1291.9598484039307 0.49078330397605896
1293.3105070590973 0.49078330397605896
1294.8220162391663 0.49078330397605896
1296.5040199756622 0.49078330397605896
1298.509296655655 0.49078330397605896
1300.005150794983 0.49078330397605896
1301.4268221855164 0.49078330397605896
1303.2278668880463 0.49078330397605896
1304.7581980228424 0.49078330397605896
1306.2301332950592 0.49078330397605896
1308.1777622699738 0.49078330397605896
1309.4864475727081 0.49078330397605896
1310.3018987178802 0.49078330397605896
1311.2293438911438 0.49078330397605896
1312.0807483196259 0.49078330397605896
1312.9750173091888 0.49078330397605896
1313.8304443359375 0.49078330397605896
1314.6359112262726 0.49078330397605896
1315.552963256836 0.49078330397605896
1316.3105385303497 0.49078330397605896
1317.0979816913605 0.49078330397605896
1318.0100178718567 0.49078330397605896
1318.7827339172363 0.49078330397605896
1319.536325454712 0.49078330397605896
1320.52791929245 0.49078330397605896
1322.0779266357422 0.49078330397605896
1323.8945474624634 0.49078330397605896
1325.4392330646515 0.49078330397605896
1326.8346183300018 0.49078330397605896
1328.334316253662 0.49078330397605896
1330.113116979599 0.49078330397605896
1331.3060400485992 0.49078330397605896
1333.0362746715546 0.49078330397605896
1334.5423545837402 0.49078330397605896
1335.9225959777832 0.49078330397605896
1336.8302512168884 0.49078330397605896
1337.556761264801 0.49078330397605896
1338.4230551719666 0.49078330397605896
1339.2288780212402 0.49078330397605896
1339.962105512619 0.49078330397605896
1340.8277637958527 0.49078330397605896
1341.640570640564 0.49078330397605896
1342.381670475006 0.49078330397605896
1343.3541548252106 0.49078330397605896
1344.2245666980743 0.49078330397605896
1345.210346698761 0.49078330397605896
1346.059302330017 0.49078330397605896
1346.9063947200775 0.49078330397605896
1347.7427761554718 0.49078330397605896
1348.7671828269958 0.49078330397605896
1350.2872898578644 0.49078330397605896
1351.7824692726135 0.49078330397605896
1353.430612564087 0.49078330397605896
1355.0320563316345 0.49078330397605896
1356.4410152435303 0.49078330397605896
1357.8287591934204 0.49078330397605896
1359.6559793949127 0.49078330397605896
1361.077651977539 0.49078330397605896
1362.5575151443481 0.49078330397605896
1364.3302235603333 0.49078330397605896
1365.7781822681427 0.49078330397605896
1367.146633863449 0.49078330397605896
1368.7921907901764 0.49078330397605896
1370.2463235855103 0.49078330397605896
1371.720885515213 0.49078330397605896
1373.572628736496 0.49078330397605896
1375.5906138420105 0.49078330397605896
1377.051472902298 0.49078330397605896
1378.7648253440857 0.49078330397605896
1380.5688831806183 0.49078330397605896
1382.5632736682892 0.49078330397605896
1383.6978182792664 0.49078330397605896
1384.5895836353302 0.49078330397605896
1385.728039264679 0.49078330397605896
