0.562053918838501 0.6273897290229797
1.0510470867156982 0.6241247057914734
1.6125390529632568 0.5466012954711914
2.1555259227752686 0.5446057915687561
2.615692138671875 0.5446057915687561
3.2022769451141357 0.5446057915687561
3.6947782039642334 0.5446057915687561
4.184377908706665 0.5304487943649292
4.723440408706665 0.5304487943649292
5.221211194992065 0.5162480473518372
5.853047847747803 0.5162480473518372
6.404787063598633 0.5162480473518372
6.893157243728638 0.5162480473518372
7.447850227355957 0.5162480473518372
7.9675726890563965 0.5162480473518372
8.49043345451355 0.5162480473518372
9.143716812133789 0.5154628157615662
9.68362832069397 0.5154628157615662
10.181393384933472 0.5154628157615662
10.810028553009033 0.5154628157615662
11.34972596168518 0.5154628157615662
11.930991649627686 0.5154628157615662
12.47691297531128 0.5154628157615662
12.954316139221191 0.5154628157615662
13.539228439331055 0.5154628157615662
14.052373886108398 0.5154628157615662
14.57459568977356 0.4987008571624756
15.158697605133057 0.4987008571624756
15.717989921569824 0.4987008571624756
16.226788997650146 0.4987008571624756
16.78905963897705 0.4987008571624756
17.312569856643677 0.4987008571624756
17.931671142578125 0.4987008571624756
18.43517541885376 0.4987008571624756
18.985995769500732 0.4987008571624756
19.572662830352783 0.4987008571624756
20.068523406982422 0.4987008571624756
20.560675382614136 0.4987008571624756
21.149301528930664 0.4987008571624756
21.705520391464233 0.4987008571624756
22.35932445526123 0.4987008571624756
22.917278289794922 0.4987008571624756
23.45309019088745 0.4987008571624756
24.0986487865448 0.4987008571624756
24.667901754379272 0.4987008571624756
25.187210083007812 0.4987008571624756
25.810200452804565 0.4987008571624756
26.335041522979736 0.4987008571624756
26.83988618850708 0.4987008571624756
27.394036531448364 0.4987008571624756
27.93779420852661 0.4987008571624756
28.59290838241577 0.4987008571624756
29.183668613433838 0.4987008571624756
29.70783019065857 0.4987008571624756
30.33187174797058 0.4987008571624756
30.926729917526245 0.4987008571624756
31.418712377548218 0.4987008571624756
31.979910850524902 0.4987008571624756
32.506052017211914 0.4987008571624756
32.99259305000305 0.4987008571624756
33.56352758407593 0.4987008571624756
34.075058698654175 0.4987008571624756
34.69046330451965 0.4987008571624756
35.22262668609619 0.4987008571624756
35.73328423500061 0.4987008571624756
36.26445245742798 0.4987008571624756
36.758628129959106 0.4987008571624756
37.23518967628479 0.4987008571624756
37.78299927711487 0.4987008571624756
38.386043310165405 0.4987008571624756
39.070080280303955 0.4987008571624756
39.63032937049866 0.4987008571624756
40.13539242744446 0.4987008571624756
40.762558698654175 0.4987008571624756
41.31096029281616 0.4987008571624756
41.89048194885254 0.4987008571624756
42.46369981765747 0.4987008571624756
42.93827962875366 0.4987008571624756
43.41354823112488 0.4987008571624756
43.97656559944153 0.4987008571624756
44.46992325782776 0.4987008571624756
45.066999197006226 0.4987008571624756
45.57053303718567 0.4987008571624756
46.04483413696289 0.4987008571624756
46.633198261260986 0.4987008571624756
47.17258667945862 0.49520519375801086
47.66327381134033 0.49520519375801086
48.24179148674011 0.49520519375801086
48.747501611709595 0.49520519375801086
49.250592947006226 0.49520519375801086
49.82021927833557 0.49520519375801086
50.388243436813354 0.49520519375801086
50.97888159751892 0.49520519375801086
51.54435062408447 0.49520519375801086
52.106959104537964 0.49520519375801086
52.783979654312134 0.49520519375801086
53.330705642700195 0.49520519375801086
53.85579705238342 0.49520519375801086
54.54459190368652 0.49520519375801086
55.12615251541138 0.49520519375801086
55.611894845962524 0.49520519375801086
56.14580178260803 0.49520519375801086
56.666020154953 0.49520519375801086
57.31278848648071 0.49520519375801086
57.905452728271484 0.49520519375801086
58.41259169578552 0.49520519375801086
59.05680704116821 0.49520519375801086
59.62389421463013 0.49520519375801086
60.113526582717896 0.49520519375801086
60.817989110946655 0.49520519375801086
61.30555272102356 0.49520519375801086
61.89564251899719 0.49520519375801086
62.40644288063049 0.49520519375801086
62.91419744491577 0.49520519375801086
63.522258281707764 0.49520519375801086
64.08799982070923 0.49520519375801086
64.57335996627808 0.49520519375801086
65.15166425704956 0.49520519375801086
65.7093596458435 0.49520519375801086
66.25550055503845 0.49520519375801086
66.84646654129028 0.49520519375801086
67.36046934127808 0.49520519375801086
68.02736711502075 0.49520519375801086
68.53490161895752 0.49520519375801086
69.0586633682251 0.49520519375801086
69.67953681945801 0.49520519375801086
70.18877458572388 0.49520519375801086
70.67926359176636 0.49520519375801086
71.2501745223999 0.49520519375801086
71.7723937034607 0.49520519375801086
72.2642412185669 0.49520519375801086
72.87056040763855 0.49520519375801086
73.38188982009888 0.49520519375801086
73.93466377258301 0.49520519375801086
74.45718502998352 0.49520519375801086
74.92687845230103 0.49520519375801086
75.52964210510254 0.49520519375801086
76.0392701625824 0.49520519375801086
76.51826620101929 0.49520519375801086
77.10326027870178 0.49520519375801086
77.63301277160645 0.49520519375801086
78.32303524017334 0.49520519375801086
78.86447787284851 0.49520519375801086
79.40996384620667 0.49520519375801086
79.95699286460876 0.49520519375801086
80.4757947921753 0.49520519375801086
80.98715686798096 0.49520519375801086
81.60867881774902 0.49520519375801086
82.17811393737793 0.49520519375801086
82.68064212799072 0.49520519375801086
83.23742437362671 0.49520519375801086
83.72918725013733 0.49520519375801086
84.31647515296936 0.49520519375801086
84.90682554244995 0.49520519375801086
85.46127367019653 0.49520519375801086
86.06056356430054 0.49520519375801086
86.60082983970642 0.49520519375801086
87.10106205940247 0.49520519375801086
87.69040513038635 0.49520519375801086
88.2297260761261 0.49520519375801086
88.6822657585144 0.49520519375801086
89.23095560073853 0.49520519375801086
89.76162648200989 0.49520519375801086
90.36815309524536 0.49520519375801086
90.899982213974 0.49520519375801086
91.47607278823853 0.49520519375801086
92.15307378768921 0.49520519375801086
92.71265006065369 0.49520519375801086
93.21215486526489 0.49520519375801086
93.80018591880798 0.49520519375801086
94.35508370399475 0.49520519375801086
94.95972418785095 0.49520519375801086
95.49923539161682 0.49520519375801086
95.99300861358643 0.49520519375801086
96.65303349494934 0.49520519375801086
97.2459487915039 0.49520519375801086
97.74458146095276 0.49520519375801086
98.32054710388184 0.49520519375801086
98.83620572090149 0.49520519375801086
99.33882164955139 0.49520519375801086
99.91114974021912 0.49520519375801086
100.4298164844513 0.49520519375801086
101.0189106464386 0.49520519375801086
101.61245226860046 0.49520519375801086
102.12619090080261 0.49520519375801086
102.74659466743469 0.49520519375801086
103.25551271438599 0.49520519375801086
103.74923300743103 0.49520519375801086
104.3393394947052 0.49520519375801086
104.85470962524414 0.49520519375801086
105.3744432926178 0.49520519375801086
105.93275594711304 0.49520519375801086
106.5028567314148 0.49520519375801086
107.12071442604065 0.49520519375801086
107.65943503379822 0.49520519375801086
108.1813440322876 0.49520519375801086
108.8027548789978 0.49520519375801086
109.38209867477417 0.49520519375801086
109.90437245368958 0.49520519375801086
110.5339105129242 0.49520519375801086
111.09837245941162 0.49520519375801086
111.6051893234253 0.49520519375801086
112.15706324577332 0.49520519375801086
112.64039707183838 0.49520519375801086
113.31634664535522 0.49520519375801086
113.90406489372253 0.49520519375801086
114.39423513412476 0.49520519375801086
114.98227906227112 0.49520519375801086
115.53375625610352 0.49520519375801086
116.09700012207031 0.49520519375801086
116.75458931922913 0.49520519375801086
117.29822254180908 0.49520519375801086
117.93157386779785 0.49520519375801086
118.46698570251465 0.49520519375801086
118.96839046478271 0.49520519375801086
119.55289387702942 0.49520519375801086
120.05736994743347 0.49520519375801086
120.61338114738464 0.49520519375801086
121.15065360069275 0.49520519375801086
121.69516396522522 0.49520519375801086
122.2147114276886 0.49520519375801086
122.90663647651672 0.49520519375801086
123.41799807548523 0.49520519375801086
124.0216372013092 0.49520519375801086
124.54137063026428 0.49520519375801086
125.06340289115906 0.49520519375801086
125.676522731781 0.49520519375801086
126.17260146141052 0.49520519375801086
126.65477252006531 0.49520519375801086
127.22298622131348 0.49520519375801086
127.75324869155884 0.49520519375801086
128.29023599624634 0.49520519375801086
128.87789034843445 0.49520519375801086
129.3876781463623 0.49520519375801086
130.02333045005798 0.49520519375801086
130.55832266807556 0.49520519375801086
131.05082869529724 0.49520519375801086
131.6988115310669 0.49520519375801086
132.21106123924255 0.49520519375801086
132.74497318267822 0.49520519375801086
133.30908012390137 0.49520519375801086
133.83381605148315 0.49520519375801086
134.40194416046143 0.49520519375801086
134.94709706306458 0.49520519375801086
135.4687659740448 0.49520519375801086
136.05103588104248 0.49520519375801086
136.5927073955536 0.49520519375801086
137.06800031661987 0.49520519375801086
137.68073177337646 0.49520519375801086
138.19219946861267 0.49520519375801086
138.7369110584259 0.49520519375801086
139.32710599899292 0.49520519375801086
139.85337114334106 0.49520519375801086
140.48889064788818 0.49520519375801086
141.0572271347046 0.49520519375801086
141.60144448280334 0.49520519375801086
