1.8425829410552979 0.6064331531524658
3.552785873413086 0.5226318836212158
5.610244989395142 0.5226318836212158
6.902920246124268 0.5226318836212158
8.52286696434021 0.5226318836212158
10.767452239990234 0.5226318836212158
12.324638366699219 0.5226318836212158
13.95296311378479 0.5226318836212158
15.720020532608032 0.5226318836212158
17.198233604431152 0.5226318836212158
18.653502941131592 0.5179851055145264
19.345332622528076 0.5179851055145264
20.273597478866577 0.5179851055145264
21.60288166999817 0.5111696720123291
22.69613742828369 0.5111696720123291
23.646517276763916 0.5111696720123291
25.1242036819458 0.5111696720123291
26.706591606140137 0.5111696720123291
28.442574739456177 0.5111696720123291
30.644839763641357 0.5111696720123291
32.56635546684265 0.5111696720123291
34.54374122619629 0.5111696720123291
36.22644901275635 0.5111696720123291
37.890406370162964 0.5111696720123291
40.05531144142151 0.5111696720123291
42.163559913635254 0.5111696720123291
44.00292086601257 0.5111696720123291
45.85766339302063 0.5111696720123291
48.36500644683838 0.5111696720123291
50.02667570114136 0.5111696720123291
51.785611629486084 0.5111696720123291
53.364821434020996 0.5111696720123291
55.28497290611267 0.5111696720123291
56.55620622634888 0.5111696720123291
58.068732261657715 0.5006276369094849
60.40262794494629 0.5006276369094849
62.6641902923584 0.5006276369094849
64.76410603523254 0.5006276369094849
66.95308542251587 0.5006276369094849
68.69563841819763 0.5006276369094849
71.24058866500854 0.5006276369094849
73.23759174346924 0.5006276369094849
75.2939031124115 0.5006276369094849
77.53871512413025 0.5006276369094849
78.9999361038208 0.5006276369094849
80.05538582801819 0.5006276369094849
81.02896332740784 0.5006276369094849
82.19675159454346 0.5006276369094849
83.62088775634766 0.5006276369094849
85.39370536804199 0.5006276369094849
86.68689751625061 0.5006276369094849
88.12535643577576 0.5006276369094849
89.42204928398132 0.5006276369094849
90.5556538105011 0.5006276369094849
91.86346459388733 0.5006276369094849
93.1910891532898 0.5006276369094849
94.48755192756653 0.4959627091884613
95.79547905921936 0.4959627091884613
97.12724328041077 0.4959627091884613
98.37508535385132 0.4959627091884613
100.14403343200684 0.4959627091884613
101.78851342201233 0.4959627091884613
103.71175765991211 0.4959627091884613
105.20261669158936 0.4959627091884613
107.32118201255798 0.4959627091884613
108.8011622428894 0.4959627091884613
110.05248284339905 0.4959627091884613
111.17037153244019 0.4959627091884613
112.71070551872253 0.4959627091884613
113.99118733406067 0.4959627091884613
115.8739173412323 0.4959627091884613
117.63330912590027 0.4959627091884613
118.9075813293457 0.4959627091884613
120.56040501594543 0.4959627091884613
121.8979389667511 0.4959627091884613
123.47009348869324 0.4959627091884613
125.03284215927124 0.4959627091884613
126.86570191383362 0.4959627091884613
128.71890902519226 0.4959627091884613
130.07985424995422 0.4959627091884613
131.30451679229736 0.4959627091884613
132.75142693519592 0.4959627091884613
133.758713722229 0.4959627091884613
135.0751850605011 0.4959627091884613
136.61580300331116 0.4959627091884613
137.8022439479828 0.4959627091884613
138.9778790473938 0.4959627091884613
141.12887835502625 0.4959627091884613
142.88031578063965 0.4959627091884613
144.31406617164612 0.4959627091884613
145.58093404769897 0.4959627091884613
146.79086351394653 0.4959627091884613
148.18797874450684 0.4959627091884613
149.3944125175476 0.4959627091884613
150.77201104164124 0.4959627091884613
152.4547393321991 0.4959627091884613
154.16498732566833 0.4959627091884613
155.6539912223816 0.4959627091884613
157.16275072097778 0.4959627091884613
158.4889612197876 0.4959627091884613
160.03117489814758 0.4959627091884613
161.97279715538025 0.4959627091884613
163.71969270706177 0.4959627091884613
166.29081106185913 0.4959627091884613
167.8688085079193 0.4959627091884613
169.47171139717102 0.4959627091884613
171.16528344154358 0.4959627091884613
172.65225338935852 0.4959627091884613
173.9495873451233 0.4959627091884613
175.52515387535095 0.4959627091884613
177.19037532806396 0.4959627091884613
178.83917045593262 0.4959627091884613
180.62422966957092 0.4959627091884613
181.84241843223572 0.4959627091884613
183.255145072937 0.4959627091884613
184.72957348823547 0.4959627091884613
186.00559902191162 0.4959627091884613
187.13485860824585 0.4959627091884613
188.1222324371338 0.4959627091884613
189.008935213089 0.4959627091884613
190.0787844657898 0.4959627091884613
191.10919880867004 0.4959627091884613
192.28607487678528 0.4959627091884613
193.3451144695282 0.4959627091884613
194.28459811210632 0.4959627091884613
195.14714884757996 0.4959627091884613
196.07017254829407 0.4959627091884613
197.45117568969727 0.4959627091884613
199.25731325149536 0.4959627091884613
200.95087671279907 0.4959627091884613
202.33428049087524 0.4959627091884613
204.43306136131287 0.4959627091884613
206.5394983291626 0.4959627091884613
209.18534135818481 0.4959627091884613
211.30877709388733 0.4959627091884613
213.1639699935913 0.4959627091884613
215.7820382118225 0.4959627091884613
217.62030506134033 0.4959627091884613
219.48157739639282 0.4959627091884613
221.24243140220642 0.4959627091884613
222.67333960533142 0.4959627091884613
224.89430332183838 0.4959627091884613
226.86149334907532 0.4959627091884613
228.56524634361267 0.4959627091884613
230.63019394874573 0.4959627091884613
232.39923357963562 0.4959627091884613
233.84305095672607 0.4959627091884613
235.83723831176758 0.4959627091884613
237.61816263198853 0.4959627091884613
239.4866762161255 0.4959627091884613
242.49866771697998 0.4959627091884613
244.8280167579651 0.4959627091884613
247.30478620529175 0.4959627091884613
248.57981157302856 0.4959627091884613
249.26424431800842 0.4959627091884613
250.8603343963623 0.4959627091884613
253.06483793258667 0.4959627091884613
254.33542895317078 0.4959627091884613
255.9647717475891 0.4959627091884613
257.26516556739807 0.4959627091884613
258.60472893714905 0.4959627091884613
259.9624309539795 0.4959627091884613
261.17793464660645 0.4959627091884613
263.02195954322815 0.4959627091884613
264.6431338787079 0.4959627091884613
266.1398630142212 0.4959627091884613
267.5724730491638 0.4959627091884613
268.919305562973 0.4959627091884613
270.17598485946655 0.4959627091884613
271.75044679641724 0.4959627091884613
273.0556035041809 0.4959627091884613
274.5348422527313 0.4959627091884613
275.87280201911926 0.4959627091884613
277.18758177757263 0.4959627091884613
279.16521692276 0.4959627091884613
280.8683032989502 0.4959627091884613
282.5758926868439 0.4959627091884613
284.6495041847229 0.4959627091884613
286.3322536945343 0.4959627091884613
288.18304085731506 0.4959627091884613
289.72805070877075 0.4959627091884613
291.0564501285553 0.4959627091884613
292.6652228832245 0.4959627091884613
294.01579093933105 0.4959627091884613
294.93324160575867 0.4959627091884613
296.5696988105774 0.4959627091884613
298.02527832984924 0.4959627091884613
299.38251399993896 0.4959627091884613
300.6034803390503 0.4959627091884613
301.3151807785034 0.4959627091884613
302.2004089355469 0.4959627091884613
303.37382650375366 0.4959627091884613
304.2625877857208 0.4959627091884613
305.43883180618286 0.4959627091884613
306.87043714523315 0.4959627091884613
308.209454536438 0.4959627091884613
310.0670027732849 0.4959627091884613
311.93921422958374 0.4959627091884613
313.15749621391296 0.4959627091884613
314.62306094169617 0.4959627091884613
315.95026206970215 0.4959627091884613
317.09789204597473 0.4959627091884613
318.6502466201782 0.4959627091884613
319.8526499271393 0.4959627091884613
321.43190121650696 0.4959627091884613
322.6424231529236 0.4959627091884613
323.88387417793274 0.4959627091884613
325.45253133773804 0.4959627091884613
326.60340642929077 0.4959627091884613
327.78371953964233 0.4959627091884613
329.0853831768036 0.4959627091884613
330.43891954421997 0.4959627091884613
331.8097016811371 0.4959627091884613
332.93465065956116 0.4959627091884613
334.2985301017761 0.4959627091884613
335.86070728302 0.4959627091884613
337.1527645587921 0.4959627091884613
338.2998642921448 0.4959627091884613
339.6530268192291 0.4959627091884613
340.8315682411194 0.4959627091884613
342.0794024467468 0.4959627091884613
343.6298942565918 0.4959627091884613
344.930846452713 0.4959627091884613
346.61904668807983 0.4959627091884613
347.93323850631714 0.4959627091884613
349.3882522583008 0.4959627091884613
350.8979687690735 0.4959627091884613
352.33873081207275 0.4959627091884613
353.35360383987427 0.4959627091884613
354.3407030105591 0.4959627091884613
355.369309425354 0.4959627091884613
356.56668639183044 0.4959627091884613
357.8751618862152 0.4959627091884613
359.10741806030273 0.4959627091884613
360.79107666015625 0.4959627091884613
362.09182715415955 0.4959627091884613
363.2822778224945 0.4959627091884613
364.6671087741852 0.4959627091884613
365.9455831050873 0.4959627091884613
367.1121554374695 0.4959627091884613
368.72385835647583 0.4959627091884613
370.00234627723694 0.4959627091884613
371.57376050949097 0.4959627091884613
372.89734864234924 0.4959627091884613
374.11021089553833 0.4959627091884613
375.50991797447205 0.4959627091884613
376.90267181396484 0.4959627091884613
378.15698075294495 0.4959627091884613
379.55052614212036 0.4959627091884613
380.8858542442322 0.4959627091884613
382.0663878917694 0.4959627091884613
383.4738278388977 0.4959627091884613
384.73445081710815 0.4959627091884613
386.23295617103577 0.4959627091884613
387.46426796913147 0.4959627091884613
388.676020860672 0.4959627091884613
390.3978385925293 0.4959627091884613
392.00765466690063 0.4959627091884613
393.8470149040222 0.4959627091884613
395.3190071582794 0.4959627091884613
396.6821115016937 0.4959627091884613
397.9161684513092 0.4959627091884613
399.4827709197998 0.4959627091884613
400.84589076042175 0.4959627091884613
402.46754693984985 0.4959627091884613
404.21781063079834 0.4959627091884613
406.03916358947754 0.4959627091884613
407.47224974632263 0.4959627091884613
409.0190896987915 0.4959627091884613
410.03136110305786 0.4959627091884613
410.96353483200073 0.4959627091884613
412.07794523239136 0.4959627091884613
413.59690737724304 0.4959627091884613
415.60288071632385 0.4959627091884613
417.5376651287079 0.4959627091884613
419.4973645210266 0.4959627091884613
421.24954080581665 0.4959627091884613
422.69119000434875 0.4959627091884613
424.82583570480347 0.4959627091884613
426.27374815940857 0.4959627091884613
427.4519374370575 0.4959627091884613
429.6210889816284 0.4959627091884613
431.9442389011383 0.4959627091884613
433.78054571151733 0.4959627091884613
435.4186737537384 0.4959627091884613
437.38235116004944 0.4959627091884613
439.78146481513977 0.4959627091884613
441.98702907562256 0.4959627091884613
444.1759526729584 0.4959627091884613
445.8331639766693 0.4959627091884613
447.20906114578247 0.4959627091884613
448.3244159221649 0.4959627091884613
449.9071292877197 0.4959627091884613
451.99339866638184 0.4959627091884613
453.77774691581726 0.4959627091884613
455.43607211112976 0.4959627091884613
456.8679029941559 0.4959627091884613
457.74421286582947 0.4959627091884613
458.46555042266846 0.4959627091884613
459.61033368110657 0.4959627091884613
461.5242512226105 0.4959627091884613
463.2082431316376 0.4959627091884613
464.41170167922974 0.4959627091884613
465.96496987342834 0.4959627091884613
467.1495363712311 0.4959627091884613
468.6632113456726 0.4959627091884613
469.813693523407 0.4959627091884613
470.9769904613495 0.4959627091884613
472.288667678833 0.4959627091884613
473.5730893611908 0.4959627091884613
474.8598198890686 0.4959627091884613
476.2319715023041 0.4959627091884613
477.49120593070984 0.4959627091884613
479.0657420158386 0.4959627091884613
480.855703830719 0.4959627091884613
482.1320140361786 0.4959627091884613
484.14911460876465 0.4959627091884613
486.1245424747467 0.4959627091884613
487.6988363265991 0.4959627091884613
489.1090304851532 0.4959627091884613
490.55189633369446 0.4959627091884613
491.8123998641968 0.4959627091884613
493.6155171394348 0.4959627091884613
495.2437927722931 0.4959627091884613
496.7284951210022 0.4959627091884613
498.021377325058 0.4959627091884613
500.06473565101624 0.4959627091884613
501.6607720851898 0.4959627091884613
502.59762692451477 0.4959627091884613
503.6500186920166 0.4959627091884613
505.72911643981934 0.4959627091884613
507.5216152667999 0.4959627091884613
509.0227165222168 0.4959627091884613
510.69635224342346 0.4959627091884613
511.59360122680664 0.4959627091884613
513.3854887485504 0.4959627091884613
515.1960003376007 0.4959627091884613
517.0921323299408 0.4959627091884613
518.8697788715363 0.4959627091884613
520.3017477989197 0.4959627091884613
521.7606778144836 0.4959627091884613
523.2938358783722 0.4959627091884613
524.7664515972137 0.4959627091884613
526.6579661369324 0.4959627091884613
528.2763571739197 0.4959627091884613
529.4121723175049 0.4959627091884613
531.0738945007324 0.4959627091884613
532.686669588089 0.4959627091884613
534.5854041576385 0.4959627091884613
536.6332385540009 0.4959627091884613
538.0318710803986 0.4959627091884613
539.2311978340149 0.4959627091884613
540.6341595649719 0.4959627091884613
541.8706438541412 0.4959627091884613
543.8736934661865 0.4959627091884613
545.622311592102 0.4959627091884613
547.1631088256836 0.4959627091884613
549.2767593860626 0.4959627091884613
550.9261438846588 0.4959627091884613
552.3178758621216 0.4959627091884613
553.7170350551605 0.4959627091884613
555.1066343784332 0.4959627091884613
556.9306206703186 0.4959627091884613
558.4929654598236 0.4959627091884613
559.8763370513916 0.4959627091884613
561.2486555576324 0.4959627091884613
562.9601364135742 0.4959627091884613
564.5644614696503 0.4959627091884613
566.0608122348785 0.4959627091884613
567.7665505409241 0.4959627091884613
569.4671897888184 0.4959627091884613
571.0573961734772 0.4959627091884613
573.1076214313507 0.4959627091884613
574.7067286968231 0.4959627091884613
576.5045480728149 0.4959627091884613
578.1262807846069 0.4959627091884613
580.2979462146759 0.4959627091884613
581.9880862236023 0.4959627091884613
584.1334171295166 0.4959627091884613
585.9421193599701 0.4959627091884613
587.488356590271 0.4959627091884613
588.7400181293488 0.4959627091884613
590.1127305030823 0.4959627091884613
591.2881026268005 0.4959627091884613
592.9764986038208 0.4959627091884613
595.2297646999359 0.4959627091884613
597.1787800788879 0.4959627091884613
600.049158334732 0.4959627091884613
602.0506429672241 0.4959627091884613
603.522096157074 0.4959627091884613
605.0528481006622 0.4959627091884613
606.5080893039703 0.4959627091884613
608.1249902248383 0.4959627091884613
609.6776127815247 0.4959627091884613
610.9263625144958 0.4959627091884613
612.6774785518646 0.4959627091884613
614.0924475193024 0.4959627091884613
615.4979350566864 0.4959627091884613
617.3698899745941 0.4959627091884613
618.8394267559052 0.4959627091884613
620.2635321617126 0.4959627091884613
621.9320077896118 0.4959627091884613
623.5410704612732 0.4959627091884613
625.2898766994476 0.4959627091884613
627.3958711624146 0.4959627091884613
629.1749379634857 0.4959627091884613
631.01828956604 0.4959627091884613
632.6118559837341 0.4959627091884613
634.3095989227295 0.4959627091884613
635.9346685409546 0.4959627091884613
637.2640149593353 0.4959627091884613
638.580557346344 0.4959627091884613
639.975040435791 0.4959627091884613
641.2932586669922 0.4959627091884613
643.0469722747803 0.4959627091884613
644.4349601268768 0.4959627091884613
646.391818523407 0.4959627091884613
648.105717420578 0.4959627091884613
649.242095708847 0.4959627091884613
650.0821175575256 0.4959627091884613
651.4279243946075 0.4959627091884613
652.7923290729523 0.4959627091884613
654.4950959682465 0.4959627091884613
656.1695716381073 0.4959627091884613
657.6363391876221 0.4959627091884613
659.3543035984039 0.4959627091884613
661.5407681465149 0.4959627091884613
663.0048894882202 0.4959627091884613
664.6393229961395 0.4959627091884613
665.982882976532 0.4959627091884613
667.3537292480469 0.4959627091884613
668.8642346858978 0.4959627091884613
670.3908994197845 0.4959627091884613
671.5979082584381 0.4959627091884613
672.6966018676758 0.4959627091884613
674.0938577651978 0.4959627091884613
676.3580813407898 0.4959627091884613
678.336909532547 0.4959627091884613
680.047308921814 0.4959627091884613
681.6443581581116 0.4959627091884613
683.3979346752167 0.4959627091884613
684.8448085784912 0.4959627091884613
686.668329000473 0.4959627091884613
688.0958759784698 0.4959627091884613
689.7160360813141 0.4959627091884613
691.7224764823914 0.4959627091884613
693.096134185791 0.4959627091884613
694.8960106372833 0.4959627091884613
695.8181004524231 0.4959627091884613
696.677273273468 0.4959627091884613
697.86048579216 0.4959627091884613
698.9510450363159 0.4959627091884613
699.8293206691742 0.4959627091884613
700.9929497241974 0.4959627091884613
701.872551202774 0.4959627091884613
702.9005017280579 0.4959627091884613
703.943440914154 0.4959627091884613
705.074798822403 0.4959627091884613
706.5755341053009 0.4959627091884613
708.0497233867645 0.4959627091884613
709.4419589042664 0.4959627091884613
710.8229911327362 0.4959627091884613
712.1919333934784 0.4959627091884613
713.4896204471588 0.4959627091884613
714.7974216938019 0.4959627091884613
716.1886916160583 0.4959627091884613
718.0667717456818 0.4959627091884613
719.5301699638367 0.4959627091884613
720.993460893631 0.4959627091884613
722.633953332901 0.4959627091884613
724.2212200164795 0.4959627091884613
725.7865371704102 0.4959627091884613
727.6197011470795 0.4959627091884613
729.0697872638702 0.4959627091884613
730.4931194782257 0.4959627091884613
731.8790256977081 0.4959627091884613
732.8611307144165 0.4959627091884613
733.7800076007843 0.4959627091884613
735.064131975174 0.4959627091884613
736.2799689769745 0.4959627091884613
737.8600168228149 0.4959627091884613
739.6611340045929 0.4959627091884613
740.939980506897 0.4959627091884613
742.4841029644012 0.4959627091884613
743.7451395988464 0.4959627091884613
745.2918951511383 0.4959627091884613
746.8652610778809 0.4959627091884613
748.1251862049103 0.4959627091884613
749.8558366298676 0.4959627091884613
751.1968791484833 0.4959627091884613
752.6010138988495 0.4959627091884613
754.0855948925018 0.4959627091884613
755.6570365428925 0.4959627091884613
757.5982046127319 0.4959627091884613
759.2836096286774 0.4959627091884613
760.8134617805481 0.4959627091884613
762.4041113853455 0.4959627091884613
763.7515172958374 0.4959627091884613
765.1341240406036 0.4959627091884613
766.886617898941 0.4959627091884613
768.6791408061981 0.4959627091884613
769.8137300014496 0.4959627091884613
771.1569876670837 0.4959627091884613
772.3673605918884 0.4959627091884613
773.5257711410522 0.4959627091884613
775.4499020576477 0.4959627091884613
777.2155804634094 0.4959627091884613
778.7391171455383 0.4959627091884613
780.086784362793 0.4959627091884613
781.5116584300995 0.4959627091884613
782.9818539619446 0.4959627091884613
784.3290975093842 0.4959627091884613
785.6126182079315 0.4959627091884613
786.4494571685791 0.4959627091884613
787.4508965015411 0.4959627091884613
789.7243223190308 0.4959627091884613
791.3021085262299 0.4959627091884613
792.6581861972809 0.4959627091884613
794.3480250835419 0.4959627091884613
795.9556591510773 0.4959627091884613
797.8976247310638 0.4959627091884613
799.8062026500702 0.4959627091884613
801.3034954071045 0.4959627091884613
802.7620108127594 0.4959627091884613
804.7301659584045 0.4959627091884613
806.1524875164032 0.4959627091884613
807.938364982605 0.4959627091884613
809.5699355602264 0.4959627091884613
810.721688747406 0.4959627091884613
812.3165550231934 0.4959627091884613
813.6975545883179 0.4959627091884613
815.1826393604279 0.4959627091884613
816.7586271762848 0.4959627091884613
818.085964679718 0.4959627091884613
819.251827955246 0.4959627091884613
820.8937239646912 0.4959627091884613
822.330493927002 0.4959627091884613
823.952253818512 0.4959627091884613
825.6416115760803 0.4959627091884613
827.0243575572968 0.4959627091884613
828.3927719593048 0.4959627091884613
830.3172223567963 0.4959627091884613
831.7423632144928 0.4959627091884613
833.2963275909424 0.4959627091884613
834.2608373165131 0.4959627091884613
835.1859712600708 0.4959627091884613
836.0369033813477 0.4959627091884613
836.8618817329407 0.4959627091884613
838.796627998352 0.4959627091884613
840.4602692127228 0.4959627091884613
842.1029872894287 0.4959627091884613
843.5177004337311 0.4959627091884613
844.994800567627 0.4959627091884613
846.7272942066193 0.4959627091884613
848.1477580070496 0.4959627091884613
849.6140804290771 0.4959627091884613
852.0078144073486 0.4959627091884613
853.6727774143219 0.4959627091884613
855.1906270980835 0.4959627091884613
857.0498917102814 0.4959627091884613
858.874858379364 0.4959627091884613
860.6062417030334 0.4959627091884613
862.0291900634766 0.4959627091884613
863.6824877262115 0.4959627091884613
864.8048634529114 0.4959627091884613
866.1903169155121 0.4959627091884613
867.3917064666748 0.4959627091884613
868.8965404033661 0.4959627091884613
870.2617721557617 0.4959627091884613
871.4963099956512 0.4959627091884613
872.9778654575348 0.4959627091884613
874.3531672954559 0.4959627091884613
875.5680758953094 0.4959627091884613
877.0746855735779 0.4959627091884613
878.5798966884613 0.4959627091884613
880.1167390346527 0.4959627091884613
880.9167010784149 0.4959627091884613
881.571567773819 0.4959627091884613
883.2647409439087 0.4959627091884613
884.8320302963257 0.4959627091884613
886.2513146400452 0.4959627091884613
888.0392503738403 0.4959627091884613
889.8015954494476 0.4959627091884613
891.4184074401855 0.4959627091884613
893.3402187824249 0.4959627091884613
894.9354808330536 0.4959627091884613
896.5948164463043 0.4959627091884613
898.2030529975891 0.4959627091884613
899.5108869075775 0.4959627091884613
901.4529373645782 0.4959627091884613
902.771488904953 0.4959627091884613
903.9157361984253 0.4959627091884613
905.8116779327393 0.4959627091884613
907.251531124115 0.4959627091884613
908.5340569019318 0.4959627091884613
910.4969091415405 0.4959627091884613
912.0460724830627 0.4959627091884613
913.7466132640839 0.4959627091884613
915.3711194992065 0.4959627091884613
916.9377517700195 0.4959627091884613
918.8482537269592 0.4959627091884613
920.5129647254944 0.4959627091884613
921.9397416114807 0.4959627091884613
923.724728345871 0.4959627091884613
924.9953482151031 0.4959627091884613
926.379647731781 0.4959627091884613
927.880007982254 0.4959627091884613
929.3692765235901 0.4959627091884613
931.0227882862091 0.4959627091884613
932.6939127445221 0.4959627091884613
934.3081066608429 0.4959627091884613
936.1240954399109 0.4959627091884613
937.7923283576965 0.4959627091884613
939.1588456630707 0.4959627091884613
940.8580493927002 0.4959627091884613
942.4403216838837 0.4959627091884613
944.3984043598175 0.4959627091884613
946.4487073421478 0.4959627091884613
947.8709015846252 0.4959627091884613
949.4553344249725 0.4959627091884613
950.7401378154755 0.4959627091884613
952.1401042938232 0.4959627091884613
954.053612947464 0.4959627091884613
955.3765172958374 0.4959627091884613
956.727867603302 0.4959627091884613
958.11603307724 0.4959627091884613
959.3133625984192 0.49082082509994507
960.7095184326172 0.49082082509994507
962.0799000263214 0.49082082509994507
963.524632692337 0.49082082509994507
965.6069800853729 0.49082082509994507
967.4734046459198 0.49082082509994507
969.710568189621 0.49082082509994507
971.5407855510712 0.49082082509994507
973.5137357711792 0.49082082509994507
975.3823623657227 0.49082082509994507
976.8786773681641 0.49082082509994507
977.6418535709381 0.49082082509994507
979.4827680587769 0.49082082509994507
980.8516523838043 0.49082082509994507
982.304735660553 0.49082082509994507
983.7415635585785 0.49082082509994507
985.3506062030792 0.49082082509994507
986.6573719978333 0.49082082509994507
988.1671237945557 0.49082082509994507
989.477203130722 0.49082082509994507
991.0690131187439 0.49082082509994507
993.3417720794678 0.49082082509994507
995.3228807449341 0.49082082509994507
997.4668338298798 0.49082082509994507
998.9772174358368 0.49082082509994507
1000.3608894348145 0.49082082509994507
1001.7093079090118 0.49082082509994507
1003.5190811157227 0.49082082509994507
1004.9682860374451 0.49082082509994507
1006.3302760124207 0.49082082509994507
1007.6041395664215 0.49082082509994507
1009.080947637558 0.49082082509994507
1010.3896028995514 0.49082082509994507
1011.6779637336731 0.49082082509994507
1013.6786541938782 0.49082082509994507
1015.0757260322571 0.49082082509994507
1016.7568163871765 0.49082082509994507
1018.3928654193878 0.49082082509994507
1019.8151009082794 0.49082082509994507
1021.0108714103699 0.49082082509994507
1022.6796288490295 0.49082082509994507
1023.8752534389496 0.49082082509994507
1025.4186136722565 0.49082082509994507
1026.5242476463318 0.49082082509994507
1027.7734537124634 0.49082082509994507
1028.8922147750854 0.49082082509994507
1029.8375124931335 0.49082082509994507
1030.9291412830353 0.49082082509994507
1032.3441457748413 0.49082082509994507
1033.6384432315826 0.49082082509994507
1034.9093680381775 0.49082082509994507
1036.2414619922638 0.49082082509994507
1037.8413400650024 0.49082082509994507
1039.5895943641663 0.49082082509994507
1041.547892332077 0.49082082509994507
1043.0561094284058 0.49082082509994507
1044.8032450675964 0.49082082509994507
1046.3715679645538 0.49082082509994507
1048.0573601722717 0.49082082509994507
1050.644259929657 0.49082082509994507
1052.380492925644 0.49082082509994507
1054.2612223625183 0.49082082509994507
1055.5473840236664 0.49082082509994507
1056.7734596729279 0.49082082509994507
1058.1436553001404 0.49082082509994507
1059.40820479393 0.49082082509994507
1060.6005129814148 0.49082082509994507
1062.117314338684 0.49082082509994507
1063.37970495224 0.49082082509994507
1064.6129200458527 0.49082082509994507
1066.0397164821625 0.49082082509994507
1067.5605118274689 0.49082082509994507
1069.6007659435272 0.49082082509994507
1071.2528240680695 0.49082082509994507
1072.5645897388458 0.49082082509994507
1074.1006228923798 0.49082082509994507
1076.1500561237335 0.49082082509994507
1077.2448637485504 0.49082082509994507
1079.059573173523 0.49082082509994507
1080.9343047142029 0.49082082509994507
1082.4161567687988 0.49082082509994507
1084.4448375701904 0.49082082509994507
1086.0294489860535 0.49082082509994507
1087.9059426784515 0.49082082509994507
1089.6791758537292 0.49082082509994507
1091.0018427371979 0.49082082509994507
1092.5127255916595 0.49082082509994507
1094.4833178520203 0.49082082509994507
1095.968142747879 0.49082082509994507
1097.9753274917603 0.49082082509994507
1099.5127799510956 0.49082082509994507
1100.8937170505524 0.49082082509994507
1102.8109974861145 0.49082082509994507
1104.4559195041656 0.49082082509994507
1106.5724449157715 0.49082082509994507
1108.2252786159515 0.49082082509994507
1110.0194227695465 0.49082082509994507
1111.705320596695 0.49082082509994507
1113.202789068222 0.49082082509994507
1114.7343366146088 0.49082082509994507
1116.8347220420837 0.49082082509994507
1118.270747423172 0.49082082509994507
1120.2255928516388 0.49082082509994507
1121.7427535057068 0.49082082509994507
1123.5334594249725 0.49082082509994507
1125.3282630443573 0.49082082509994507
1127.0128600597382 0.49082082509994507
1128.7491960525513 0.49082082509994507
1130.5409107208252 0.49082082509994507
1131.992695569992 0.49082082509994507
1133.5017397403717 0.49082082509994507
1135.893144607544 0.49082082509994507
1137.5309422016144 0.49082082509994507
1140.0115809440613 0.49082082509994507
1142.1345105171204 0.49082082509994507
1143.8160836696625 0.49082082509994507
1145.5825774669647 0.49082082509994507
1147.2512526512146 0.49082082509994507
1148.5936772823334 0.49082082509994507
1150.6094634532928 0.49082082509994507
1152.0800852775574 0.49082082509994507
1153.7122673988342 0.49082082509994507
1155.2551822662354 0.49082082509994507
1156.5455560684204 0.49082082509994507
1158.0793206691742 0.49082082509994507
1159.3748433589935 0.49082082509994507
1160.6568746566772 0.49082082509994507
1162.2410383224487 0.49082082509994507
1164.0410521030426 0.49082082509994507
1165.5281348228455 0.49082082509994507
1167.1114253997803 0.49082082509994507
1168.9274106025696 0.49082082509994507
1171.0428507328033 0.49082082509994507
1172.5370318889618 0.49082082509994507
1173.9195718765259 0.49082082509994507
1175.80300283432 0.49082082509994507
1177.4328954219818 0.49082082509994507
1178.6969110965729 0.49082082509994507
1180.2957015037537 0.49082082509994507
1181.6367437839508 0.49082082509994507
1182.797751903534 0.49082082509994507
1184.4226689338684 0.49082082509994507
1186.2161741256714 0.49082082509994507
1188.6175405979156 0.49082082509994507
1190.3889694213867 0.49082082509994507
1191.756852388382 0.49082082509994507
1193.741999387741 0.49082082509994507
1195.3076508045197 0.49082082509994507
1197.3470649719238 0.49082082509994507
1198.9695057868958 0.49082082509994507
1201.0520963668823 0.49082082509994507
1202.2710282802582 0.49082082509994507
1203.6586339473724 0.49082082509994507
1205.7455878257751 0.49082082509994507
1208.131103515625 0.49082082509994507
1209.3311874866486 0.49082082509994507
1210.450135231018 0.49082082509994507
1211.6435644626617 0.49082082509994507
1212.5460329055786 0.49082082509994507
1213.7932896614075 0.49082082509994507
1215.5644738674164 0.49082082509994507
1216.912935256958 0.49082082509994507
1218.2169914245605 0.49082082509994507
1220.0365557670593 0.49082082509994507
1221.702083349228 0.49082082509994507
1223.2381165027618 0.49082082509994507
1224.8801481723785 0.49082082509994507
1226.4556155204773 0.49082082509994507
1227.9965953826904 0.49082082509994507
1229.206707239151 0.49082082509994507
1230.2643024921417 0.49082082509994507
1231.343160867691 0.49082082509994507
1232.9675993919373 0.49082082509994507
1235.2479825019836 0.49082082509994507
1236.9993345737457 0.49082082509994507
1238.4668543338776 0.49082082509994507
1240.0754508972168 0.49082082509994507
1241.667552471161 0.49082082509994507
1243.0916397571564 0.49082082509994507
1244.673665046692 0.49082082509994507
1246.1059963703156 0.49082082509994507
1248.168624162674 0.49082082509994507
1250.0129055976868 0.49082082509994507
1251.420420885086 0.49082082509994507
1253.4204833507538 0.49082082509994507
1254.761057138443 0.49082082509994507
1256.78671169281 0.49082082509994507
1258.9614946842194 0.49082082509994507
1260.5801968574524 0.49082082509994507
1262.0040490627289 0.49082082509994507
1263.8115153312683 0.49082082509994507
1265.1471111774445 0.49082082509994507
1266.3798732757568 0.49082082509994507
1267.8060359954834 0.49082082509994507
1269.061395406723 0.49082082509994507
1271.1599850654602 0.49082082509994507
1272.613557100296 0.49082082509994507
1273.947270154953 0.49082082509994507
1275.1154251098633 0.49082082509994507
1276.0676872730255 0.49082082509994507
1276.9243268966675 0.49082082509994507
1278.0206079483032 0.49082082509994507
1278.8957040309906 0.49082082509994507
1279.959032535553 0.49082082509994507
1280.857610464096 0.49082082509994507
1281.6878809928894 0.49082082509994507
1282.6649732589722 0.49082082509994507
1284.2511630058289 0.49082082509994507
1285.9924614429474 0.49082082509994507
1288.1894512176514 0.49082082509994507
1289.6633715629578 0.49082082509994507
1291.0685820579529 0.49082082509994507
1292.943452835083 0.49082082509994507
1294.458556652069 0.49082082509994507
1296.0969605445862 0.49082082509994507
1297.677329301834 0.49082082509994507
1299.2139179706573 0.49082082509994507
1301.643218278885 0.49082082509994507
1303.663173675537 0.49082082509994507
1305.0627162456512 0.49082082509994507
1306.7043697834015 0.49082082509994507
1308.0962889194489 0.49082082509994507
1309.6502041816711 0.49082082509994507
1310.9998829364777 0.49082082509994507
1312.1971216201782 0.49082082509994507
1313.7758450508118 0.49082082509994507
1315.70317029953 0.49082082509994507
1317.0821621418 0.49082082509994507
1318.703043937683 0.49082082509994507
1320.194301366806 0.49082082509994507
1321.5383422374725 0.49082082509994507
1323.4503467082977 0.49082082509994507
1325.335692167282 0.49082082509994507
1326.9966204166412 0.49082082509994507
1328.4344062805176 0.49082082509994507
1329.8473868370056 0.49082082509994507
1331.5717689990997 0.49082082509994507
1333.3053085803986 0.49082082509994507
1335.2778685092926 0.49082082509994507
1337.3296217918396 0.49082082509994507
1339.4447057247162 0.49082082509994507
1341.0056772232056 0.49082082509994507
1343.1664640903473 0.49082082509994507
1344.8978452682495 0.49082082509994507
1346.60786318779 0.49082082509994507
1348.004653453827 0.49082082509994507
1349.2689001560211 0.49082082509994507
1351.03115940094 0.49082082509994507
1352.3234434127808 0.49082082509994507
1353.7561094760895 0.49082082509994507
1355.466284275055 0.49082082509994507
1356.7700085639954 0.49082082509994507
1357.7129166126251 0.49082082509994507
1358.7035293579102 0.49082082509994507
1360.0773875713348 0.49082082509994507
1362.2816288471222 0.49082082509994507
1363.7106940746307 0.49082082509994507
1364.9585947990417 0.49082082509994507
1366.6966121196747 0.49082082509994507
1368.1047217845917 0.49082082509994507
1369.2135832309723 0.49082082509994507
1370.7420737743378 0.49082082509994507
1372.0250375270844 0.49082082509994507
1373.292020559311 0.49082082509994507
1374.5926759243011 0.49082082509994507
1375.5438077449799 0.49082082509994507
1376.8774271011353 0.49082082509994507
1378.0337460041046 0.49082082509994507
1379.0698618888855 0.49082082509994507
1380.577444076538 0.49082082509994507
1382.1633865833282 0.49082082509994507
1383.5902972221375 0.49082082509994507
1384.9805750846863 0.49082082509994507
1386.1668338775635 0.49082082509994507
1388.3256509304047 0.49082082509994507
1389.9055018424988 0.49082082509994507
1391.1493439674377 0.49082082509994507
1393.185686826706 0.49082082509994507
1394.585141658783 0.49082082509994507
1395.9144377708435 0.49082082509994507
1397.2980387210846 0.49082082509994507
1398.138647556305 0.49082082509994507
1398.9447305202484 0.49082082509994507
1400.2119827270508 0.49082082509994507
1401.4889426231384 0.49082082509994507
1403.1213495731354 0.49082082509994507
1404.6359496116638 0.49082082509994507
1406.3056750297546 0.49082082509994507
1407.9745864868164 0.49082082509994507
1409.5609521865845 0.49082082509994507
1411.0781908035278 0.49082082509994507
1413.2708654403687 0.49082082509994507
1414.933737039566 0.49082082509994507
1416.3951816558838 0.49082082509994507
1417.7822887897491 0.49082082509994507
1418.994334936142 0.49082082509994507
1420.8110070228577 0.49082082509994507
1422.4238786697388 0.49082082509994507
1423.7800288200378 0.49082082509994507
1425.0355517864227 0.49082082509994507
1425.9411194324493 0.49082082509994507
1426.8374919891357 0.49082082509994507
1428.1822760105133 0.49082082509994507
1429.3362002372742 0.49082082509994507
1430.2798326015472 0.49082082509994507
1431.1913578510284 0.49082082509994507
1432.2351474761963 0.49082082509994507
1433.4659101963043 0.49082082509994507
1434.350090265274 0.49082082509994507
1435.2175171375275 0.49082082509994507
1435.9709386825562 0.49082082509994507
1436.9046008586884 0.49082082509994507
1438.0673713684082 0.49082082509994507
1439.5386927127838 0.49082082509994507
1440.8511717319489 0.49082082509994507
1442.5835483074188 0.49082082509994507
1444.0123090744019 0.49082082509994507
1445.2725393772125 0.49082082509994507
1447.0509233474731 0.49082082509994507
1448.4026572704315 0.49082082509994507
1449.5858793258667 0.49082082509994507
1450.9368131160736 0.49082082509994507
1452.3307926654816 0.49082082509994507
1453.5433959960938 0.49082082509994507
1455.091173171997 0.49082082509994507
1456.5211596488953 0.49082082509994507
1457.9930477142334 0.49082082509994507
1459.3492441177368 0.49082082509994507
1461.0292551517487 0.49082082509994507
1462.9409999847412 0.49082082509994507
1464.60289144516 0.49082082509994507
1465.884511232376 0.49082082509994507
1467.6295988559723 0.49082082509994507
1469.038967847824 0.49082082509994507
1470.3842079639435 0.49082082509994507
1471.7953996658325 0.49082082509994507
1473.6088247299194 0.49082082509994507
1475.0554356575012 0.49082082509994507
1476.4811823368073 0.49082082509994507
1477.778659105301 0.49082082509994507
1479.2181119918823 0.49082082509994507
1480.5795350074768 0.49082082509994507
1481.5676131248474 0.49082082509994507
1482.6777954101562 0.49082082509994507
1484.1876266002655 0.49082082509994507
1485.6257274150848 0.49082082509994507
1486.8067557811737 0.49082082509994507
1488.1614887714386 0.49082082509994507
1489.9385561943054 0.49082082509994507
1491.4463126659393 0.49082082509994507
1492.784998178482 0.49082082509994507
1494.2507638931274 0.49082082509994507
1495.5320687294006 0.49082082509994507
1496.8437757492065 0.49082082509994507
1498.599023103714 0.49082082509994507
1500.2573363780975 0.49082082509994507
1502.1675453186035 0.49082082509994507
1503.7498226165771 0.49082082509994507
1505.1453857421875 0.49082082509994507
1506.781494140625 0.49082082509994507
1508.3220138549805 0.49082082509994507
1509.841667175293 0.49082082509994507
1511.5919370651245 0.49082082509994507
1513.1474521160126 0.49082082509994507
1514.3379781246185 0.49082082509994507
1515.9497320652008 0.49082082509994507
1517.2230508327484 0.49082082509994507
1518.7128398418427 0.49082082509994507
1520.109305381775 0.49082082509994507
1521.4767405986786 0.49082082509994507
1523.0210304260254 0.49082082509994507
1524.6097774505615 0.49082082509994507
1525.7989943027496 0.49082082509994507
1527.107773065567 0.49082082509994507
