0.048659324645996094 0.8148217143826667
0.07153868675231934 0.8148217143826667
0.09728288650512695 0.8148217143826667
0.12144875526428223 0.806700640348662
0.14600372314453125 0.8067006403486618
0.16918492317199707 0.8067006403486618
0.195054292678833 0.8067006403486618
0.219193696975708 0.8067006403486618
0.29579687118530273 0.8067006403486618
0.32293272018432617 0.8067006403486618
0.3458747863769531 0.8067006403486618
0.3690969944000244 0.8067006403486618
0.3935878276824951 0.8067006403486618
0.4160754680633545 0.8067006403486618
0.4402744770050049 0.8067006403486618
0.46463775634765625 0.8067006403486618
0.491316556930542 0.8067006403486618
0.5141241550445557 0.8067006403486618
0.5379853248596191 0.8067006403486618
0.5620150566101074 0.8067006403486618
0.5867562294006348 0.8067006403486618
0.6103799343109131 0.8059488059682203
0.6344056129455566 0.8059488059682203
0.6699438095092773 0.8059488059682203
0.6959967613220215 0.8059488059682203
0.7223556041717529 0.8059488059682203
0.7466018199920654 0.8059488059682203
0.7704057693481445 0.8059488059682203
0.7938127517700195 0.8059488059682203
0.8172571659088135 0.8059488059682203
0.8418979644775391 0.8059488059682203
0.8661336898803711 0.8059488059682203
0.8917427062988281 0.8059488059682203
0.9185583591461182 0.8059488059682203
0.9453637599945068 0.8059488059682203
0.9691975116729736 0.8059488059682203
1.0004684925079346 0.8059488059682203
1.0236613750457764 0.8059488059682203
1.0486152172088623 0.8059488059682203
1.0730094909667969 0.8059488059682203
1.097987174987793 0.8059488059682203
1.1247563362121582 0.8059488059682203
1.1509792804718018 0.8059488059682203
1.1794326305389404 0.8059488059682203
1.2069227695465088 0.8059488059682203
1.2332408428192139 0.8059488059682203
1.264319896697998 0.8059488059682203
1.2885785102844238 0.8059488059682203
1.3113198280334473 0.8059488059682203
1.334974765777588 0.8059488059682203
1.3598735332489014 0.8059488059682203
1.3843317031860352 0.8059488059682203
1.4099946022033691 0.8059488059682203
1.433769941329956 0.8059488059682203
1.4599981307983398 0.8059488059682203
1.485260248184204 0.8059488059682203
1.5086479187011719 0.8059488059682203
1.532437801361084 0.8059488059682203
1.5589520931243896 0.8059488059682203
1.5849761962890625 0.8059488059682203
1.6331238746643066 0.8059488059682203
1.6566483974456787 0.8059488059682203
1.6825828552246094 0.8059488059682203
1.709867238998413 0.8059488059682203
1.7551426887512207 0.8059488059682203
1.781029462814331 0.8059488059682203
1.8105659484863281 0.8059488059682203
1.8396410942077637 0.8059488059682203
1.8685228824615479 0.8059488059682203
1.895949125289917 0.8059488059682203
1.9277081489562988 0.8059488059682203
1.9570975303649902 0.8059488059682203
1.9852790832519531 0.8059488059682203
2.011953353881836 0.8059488059682203
2.04050612449646 0.8059488059682203
2.0721912384033203 0.8059488059682203
2.1027097702026367 0.8059488059682203
2.1258885860443115 0.8059488059682203
2.150442123413086 0.8059488059682203
2.1753134727478027 0.8059488059682203
2.202625274658203 0.8059488059682203
2.226938009262085 0.8051961055499816
2.26572585105896 0.8051961055499816
2.291771173477173 0.8051961055499816
2.316405773162842 0.8051961055499816
2.3462889194488525 0.8051961055499816
2.3704798221588135 0.8051961055499816
2.401632785797119 0.8051961055499816
2.4283266067504883 0.8051961055499816
2.4763317108154297 0.8051961055499816
2.5019309520721436 0.8051961055499816
2.531986951828003 0.8051961055499816
2.559429407119751 0.8051961055499816
2.5866987705230713 0.8051961055499816
2.619401693344116 0.8051961055499816
2.644638776779175 0.8013699051376472
2.6694834232330322 0.8013699051376472
2.6965172290802 0.7690703310544664
2.7217001914978027 0.7690703310544664
2.744485855102539 0.7690703310544664
2.773789405822754 0.7690703310544664
2.7970237731933594 0.7690703310544664
2.8253448009490967 0.7690703310544664
2.8491334915161133 0.7690703310544664
2.8747012615203857 0.7690703310544664
2.8994977474212646 0.7690703310544664
2.929180145263672 0.7690703310544664
2.953744411468506 0.7690703310544664
2.979189872741699 0.7690703310544664
3.004727602005005 0.7690703310544664
3.028874397277832 0.7690703310544664
3.052337408065796 0.7690703310544664
3.077775239944458 0.7666511583789148
3.1051275730133057 0.7649746947429464
3.1327719688415527 0.7649746947429464
3.1596615314483643 0.7649746947429464
3.194234848022461 0.7649746947429464
3.2176334857940674 0.7649746947429464
3.241757392883301 0.7649746947429464
3.2654502391815186 0.7649746947429464
3.2901618480682373 0.7649746947429464
3.3140110969543457 0.7649746947429464
3.338132619857788 0.7649746947429464
3.3611865043640137 0.7649746947429464
3.3850343227386475 0.7649746947429464
3.409446954727173 0.7649746947429464
3.4324069023132324 0.7649746947429464
3.455176830291748 0.7649746947429464
3.4806487560272217 0.7649746947429464
3.5056135654449463 0.7649746947429464
3.534855365753174 0.7649746947429464
3.5600218772888184 0.7649746947429464
3.5850656032562256 0.7649746947429464
3.612009048461914 0.7649746947429464
3.640024185180664 0.7649746947429464
3.662855386734009 0.7649746947429464
3.6866445541381836 0.7649746947429464
3.7106449604034424 0.7649746947429464
3.7350144386291504 0.7649746947429464
3.7590487003326416 0.7649746947429464
3.7835934162139893 0.7649746947429464
3.8075485229492188 0.7649746947429464
3.8344950675964355 0.7649746947429464
3.8570494651794434 0.7649746947429464
3.882195234298706 0.7649746947429464
3.9074366092681885 0.7649746947429464
3.932425022125244 0.7649746947429464
3.9586846828460693 0.7649746947429464
3.990478038787842 0.7649746947429464
4.0197434425354 0.7649746947429464
4.044028282165527 0.7649746947429464
4.067202806472778 0.7649746947429464
4.0915210247039795 0.7649746947429464
4.117016792297363 0.7649746947429464
4.141366481781006 0.7649746947429464
4.170606374740601 0.7649746947429464
4.196410179138184 0.7649746947429464
4.222161293029785 0.7649746947429464
4.24876070022583 0.7649746947429464
4.275783061981201 0.7649746947429464
4.299098014831543 0.7649746947429464
4.322404384613037 0.7649746947429464
4.347193717956543 0.7649746947429464
4.370828628540039 0.7649746947429464
4.399652719497681 0.7649746947429464
4.422804117202759 0.7649746947429464
4.449155330657959 0.7649746947429464
4.472704887390137 0.7649746947429464
4.496260404586792 0.7649746947429464
4.521495342254639 0.7649746947429464
4.547505140304565 0.7649746947429464
4.572908639907837 0.7649746947429464
4.600186347961426 0.7649746947429464
4.622875928878784 0.7649746947429464
4.648916482925415 0.7649746947429464
4.673699140548706 0.7649746947429464
4.698894739151001 0.7649746947429464
4.725468635559082 0.7649746947429464
4.752326965332031 0.7649746947429464
4.783458948135376 0.7649746947429464
4.839422941207886 0.7649746947429464
4.873875856399536 0.7649746947429464
4.903883934020996 0.7649746947429464
4.92769718170166 0.7649746947429464
4.951908588409424 0.7649746947429464
4.977785110473633 0.7649746947429464
5.003055095672607 0.7649746947429464
5.029355764389038 0.7649746947429464
5.055506229400635 0.7649746947429464
5.080071449279785 0.7649746947429464
5.103940725326538 0.7649746947429464
5.129437208175659 0.7649746947429464
5.153202772140503 0.7649746947429464
5.185357570648193 0.7257533489590088
5.215243339538574 0.7257533489590088
5.2471349239349365 0.6984517949582619
5.271348714828491 0.6984517949582619
5.2955427169799805 0.6984517949582619
5.318682670593262 0.6984517949582619
5.344738483428955 0.6984517949582619
5.375344753265381 0.6984517949582619
5.399996757507324 0.6984517949582619
5.424290418624878 0.6984517949582619
5.453640460968018 0.6984517949582619
5.4805872440338135 0.6984517949582619
5.50623083114624 0.6984517949582619
5.5309717655181885 0.6984517949582619
5.553645372390747 0.6984517949582619
5.582948923110962 0.6984517949582619
5.607891798019409 0.6984517949582619
5.631972312927246 0.6984517949582619
5.65547776222229 0.6984517949582619
5.707916259765625 0.6984517949582619
5.730868816375732 0.6984517949582619
5.759950637817383 0.6984517949582619
5.7859132289886475 0.6984517949582619
5.81287693977356 0.6984517949582619
5.844339847564697 0.6984517949582619
5.870208263397217 0.6984517949582619
5.893063545227051 0.6984517949582619
5.918077230453491 0.6984517949582619
5.941017150878906 0.6984517949582619
5.9685728549957275 0.6984517949582619
5.995002746582031 0.6984517949582619
6.039734363555908 0.6984517949582619
6.062770843505859 0.6984517949582619
6.089561223983765 0.6984517949582619
6.116897106170654 0.6984517949582619
6.142273902893066 0.6984517949582619
6.169164419174194 0.6984517949582619
6.193762540817261 0.6984517949582619
6.226904392242432 0.6984517949582619
6.254951238632202 0.6984517949582619
6.280006408691406 0.6984517949582619
6.307730197906494 0.6984517949582619
6.3358542919158936 0.6984517949582619
6.374445676803589 0.6984517949582619
6.400229215621948 0.6984517949582619
6.4287238121032715 0.6984517949582619
6.456039667129517 0.6984517949582619
6.479928731918335 0.6984517949582619
6.507185697555542 0.6984517949582619
6.532899618148804 0.6984517949582619
6.5569586753845215 0.6984517949582619
6.581329107284546 0.6984517949582619
6.606419324874878 0.6984517949582619
6.642415761947632 0.6984517949582619
6.6720969676971436 0.6984517949582619
6.723720550537109 0.6984517949582619
6.746479034423828 0.6984517949582619
6.773320198059082 0.6984517949582619
6.796231269836426 0.6984517949582619
6.821393966674805 0.6984517949582619
6.851643800735474 0.6984517949582619
6.87671685218811 0.6984517949582619
6.904468297958374 0.6984517949582619
