1.5410211086273193 0.5718933343887329
2.3059990406036377 0.5718933343887329
3.086341619491577 0.5718933343887329
3.720116376876831 0.5064235925674438
4.46918797492981 0.5064235925674438
5.886095285415649 0.5064235925674438
7.170217752456665 0.5064235925674438
8.611127614974976 0.5064235925674438
10.10564374923706 0.5064235925674438
11.561163187026978 0.5064235925674438
13.318204641342163 0.5064235925674438
14.74560022354126 0.5064235925674438
16.276873350143433 0.5064235925674438
17.92667865753174 0.5064235925674438
19.63879108428955 0.48681551218032837
21.299224138259888 0.48681551218032837
22.673052549362183 0.48681551218032837
24.071035623550415 0.48681551218032837
25.210346698760986 0.48681551218032837
26.728418350219727 0.48681551218032837
28.113717317581177 0.48681551218032837
29.809385299682617 0.48681551218032837
31.48728632926941 0.48681551218032837
32.86616778373718 0.48681551218032837
34.75861310958862 0.48681551218032837
36.09233999252319 0.48681551218032837
37.38822674751282 0.48681551218032837
39.03535056114197 0.48681551218032837
40.54144048690796 0.48681551218032837
41.58119034767151 0.48681551218032837
42.90415978431702 0.48681551218032837
43.67492485046387 0.48681551218032837
44.46835446357727 0.48681551218032837
45.31759285926819 0.48681551218032837
46.11435413360596 0.48681551218032837
47.05776882171631 0.48681551218032837
47.93638205528259 0.48681551218032837
48.822224617004395 0.48681551218032837
49.7791063785553 0.48681551218032837
50.61664414405823 0.48681551218032837
51.81899929046631 0.48681551218032837
52.96601891517639 0.48681551218032837
54.26984667778015 0.48681551218032837
55.87040305137634 0.48681551218032837
57.68236207962036 0.48681551218032837
59.04968070983887 0.48681551218032837
60.630706787109375 0.48681551218032837
62.211564779281616 0.48681551218032837
63.53365778923035 0.48681551218032837
65.3079662322998 0.48681551218032837
67.17959833145142 0.48681551218032837
68.83519768714905 0.48681551218032837
70.34820675849915 0.48681551218032837
71.51048994064331 0.48681551218032837
73.23559975624084 0.48681551218032837
74.72383427619934 0.48681551218032837
75.9907488822937 0.48681551218032837
77.95252323150635 0.48681551218032837
79.59160327911377 0.48681551218032837
80.89512753486633 0.48681551218032837
82.28398609161377 0.48681551218032837
83.61251950263977 0.48681551218032837
85.06238889694214 0.48681551218032837
86.57165861129761 0.48681551218032837
88.11511898040771 0.48681551218032837
89.81782841682434 0.48681551218032837
91.10479140281677 0.48681551218032837
92.41128206253052 0.48681551218032837
93.97538185119629 0.48681551218032837
95.22249054908752 0.48681551218032837
96.7328999042511 0.48681551218032837
98.03746628761292 0.48681551218032837
99.71475100517273 0.48681551218032837
101.74890780448914 0.48681551218032837
103.15099692344666 0.48681551218032837
104.57631134986877 0.48681551218032837
106.47854804992676 0.48681551218032837
108.02200031280518 0.48681551218032837
109.50974941253662 0.48681551218032837
111.28369426727295 0.48681551218032837
112.59741067886353 0.48681551218032837
114.15759682655334 0.48681551218032837
115.40214586257935 0.48681551218032837
116.65388584136963 0.48681551218032837
118.26668357849121 0.48681551218032837
119.8726372718811 0.48681551218032837
121.12844371795654 0.48681551218032837
122.25583410263062 0.48681551218032837
123.2019031047821 0.48681551218032837
124.21284580230713 0.48681551218032837
125.73327994346619 0.48681551218032837
127.25714349746704 0.48681551218032837
128.95907950401306 0.48681551218032837
130.62921977043152 0.48681551218032837
131.92456793785095 0.48681551218032837
133.54892373085022 0.48681551218032837
134.81882619857788 0.48681551218032837
136.04330492019653 0.48681551218032837
137.6547989845276 0.48681551218032837
139.19992661476135 0.48681551218032837
140.35439014434814 0.48681551218032837
141.79019260406494 0.48681551218032837
143.1304271221161 0.48681551218032837
144.72452306747437 0.48681551218032837
146.37358927726746 0.48681551218032837
147.7492961883545 0.48681551218032837
149.20844316482544 0.48681551218032837
150.59014463424683 0.48681551218032837
152.1014907360077 0.48681551218032837
153.78102111816406 0.48681551218032837
155.08936715126038 0.48681551218032837
156.64884662628174 0.48681551218032837
158.35312819480896 0.48681551218032837
159.63553857803345 0.48681551218032837
161.43191146850586 0.48681551218032837
162.8014714717865 0.48681551218032837
163.94839572906494 0.48681551218032837
165.59460592269897 0.48681551218032837
166.78891158103943 0.48681551218032837
168.02670574188232 0.48681551218032837
169.51562023162842 0.48681551218032837
171.12680959701538 0.48681551218032837
172.77017521858215 0.48681551218032837
174.19952821731567 0.48681551218032837
175.26934599876404 0.48681551218032837
176.92375302314758 0.48681551218032837
178.21585702896118 0.48681551218032837
179.5057191848755 0.48681551218032837
180.89605832099915 0.48681551218032837
181.79383730888367 0.48681551218032837
182.82002329826355 0.48681551218032837
184.52592706680298 0.48681551218032837
186.6574866771698 0.48681551218032837
188.92136907577515 0.48681551218032837
190.60338139533997 0.48681551218032837
192.01902079582214 0.48681551218032837
193.6939058303833 0.48681551218032837
195.18775606155396 0.48681551218032837
196.4844696521759 0.48681551218032837
197.94673681259155 0.48681551218032837
199.32806730270386 0.48681551218032837
200.99677920341492 0.48681551218032837
202.4996521472931 0.48681551218032837
203.81309342384338 0.48681551218032837
205.37802600860596 0.48681551218032837
206.98465585708618 0.48681551218032837
208.52800178527832 0.48681551218032837
210.32468223571777 0.48681551218032837
211.76730704307556 0.48681551218032837
213.08484745025635 0.48681551218032837
214.124662399292 0.48681551218032837
214.9566764831543 0.48681551218032837
215.95501804351807 0.48681551218032837
216.82860231399536 0.48681551218032837
217.62772297859192 0.48681551218032837
218.75872540473938 0.48681551218032837
220.26331663131714 0.48681551218032837
221.53978514671326 0.48681551218032837
223.23848342895508 0.48681551218032837
224.58841061592102 0.48681551218032837
225.93452763557434 0.48681551218032837
227.702068567276 0.48681551218032837
229.37522840499878 0.48681551218032837
230.98573660850525 0.48681551218032837
232.39321732521057 0.48681551218032837
233.87397575378418 0.48681551218032837
235.55559539794922 0.48681551218032837
236.9776406288147 0.48681551218032837
237.91789150238037 0.48681551218032837
238.80628848075867 0.48681551218032837
240.0810730457306 0.48681551218032837
241.66035628318787 0.48681551218032837
243.0972011089325 0.48681551218032837
244.44849038124084 0.48681551218032837
245.91301584243774 0.48681551218032837
247.41553115844727 0.48681551218032837
248.60865902900696 0.48681551218032837
250.52566742897034 0.48681551218032837
251.93427920341492 0.48681551218032837
253.38625073432922 0.48681551218032837
254.83164405822754 0.48681551218032837
256.3472807407379 0.48681551218032837
258.13315320014954 0.48681551218032837
259.55466079711914 0.48681551218032837
260.96376395225525 0.48681551218032837
262.3013279438019 0.48681551218032837
263.72627115249634 0.48681551218032837
265.1215624809265 0.48681551218032837
266.65047335624695 0.48681551218032837
268.1859390735626 0.48681551218032837
269.50713205337524 0.48681551218032837
271.12964057922363 0.48681551218032837
272.1079020500183 0.48681551218032837
273.1427080631256 0.48681551218032837
274.1252121925354 0.48681551218032837
275.02819895744324 0.48681551218032837
275.9167687892914 0.48681551218032837
277.2151439189911 0.48681551218032837
278.44692397117615 0.48681551218032837
279.8576717376709 0.48681551218032837
281.15885949134827 0.48681551218032837
282.6076238155365 0.48681551218032837
284.1867711544037 0.48681551218032837
285.7680995464325 0.48681551218032837
287.632333278656 0.48681551218032837
289.13720440864563 0.48681551218032837
290.7050111293793 0.48681551218032837
292.348171710968 0.48681551218032837
293.77181220054626 0.48681551218032837
295.1751835346222 0.48681551218032837
296.83490443229675 0.48681551218032837
298.4748034477234 0.48681551218032837
299.34637212753296 0.48681551218032837
299.98802304267883 0.48681551218032837
300.6116180419922 0.48681551218032837
301.50400400161743 0.48681551218032837
302.528470993042 0.48681551218032837
303.8331446647644 0.48681551218032837
305.65740060806274 0.48681551218032837
307.01767468452454 0.48681551218032837
308.51874899864197 0.48681551218032837
310.2722375392914 0.48681551218032837
311.88783264160156 0.48681551218032837
313.8590178489685 0.48681551218032837
315.4931871891022 0.48681551218032837
316.96505999565125 0.48681551218032837
318.5709373950958 0.48681551218032837
319.89823174476624 0.48681551218032837
321.43474102020264 0.48681551218032837
323.08234167099 0.48681551218032837
324.56032967567444 0.48681551218032837
325.7865240573883 0.48681551218032837
327.2697379589081 0.48681551218032837
328.806099653244 0.48681551218032837
330.59395122528076 0.48681551218032837
332.25518822669983 0.48681551218032837
333.6548342704773 0.48681551218032837
334.9559397697449 0.48681551218032837
335.8201196193695 0.48681551218032837
336.49145436286926 0.48681551218032837
337.1923472881317 0.48681551218032837
337.8358600139618 0.48681551218032837
338.7319121360779 0.48681551218032837
339.57468485832214 0.48681551218032837
340.5499441623688 0.48681551218032837
342.0618221759796 0.48681551218032837
343.29165720939636 0.48681551218032837
344.55410170555115 0.48681551218032837
346.4361426830292 0.48681551218032837
348.0759391784668 0.48681551218032837
349.18191742897034 0.48681551218032837
350.9496417045593 0.48681551218032837
352.3439679145813 0.48681551218032837
354.04093766212463 0.48681551218032837
355.3411180973053 0.48681551218032837
356.8116571903229 0.48681551218032837
358.66664600372314 0.48681551218032837
360.45749020576477 0.48681551218032837
361.775128364563 0.48681551218032837
363.65389704704285 0.48681551218032837
365.05757212638855 0.48681551218032837
366.5185492038727 0.48681551218032837
368.04124093055725 0.48681551218032837
369.5598533153534 0.48681551218032837
371.36795687675476 0.48681551218032837
372.73347544670105 0.48681551218032837
373.95432806015015 0.48681551218032837
374.7477219104767 0.48681551218032837
375.5925941467285 0.48681551218032837
376.37466502189636 0.48681551218032837
377.3181698322296 0.48681551218032837
378.19637989997864 0.48681551218032837
378.9411256313324 0.48681551218032837
379.9099168777466 0.48681551218032837
381.30189418792725 0.48681551218032837
383.0577108860016 0.48681551218032837
384.627427816391 0.48681551218032837
386.11119961738586 0.48681551218032837
387.76596331596375 0.48681551218032837
389.4795038700104 0.48681551218032837
391.16364645957947 0.48681551218032837
392.60845851898193 0.48681551218032837
394.1869969367981 0.48681551218032837
395.9558255672455 0.48681551218032837
397.29173135757446 0.48681551218032837
399.03439807891846 0.48681551218032837
400.97363781929016 0.48681551218032837
402.37270855903625 0.48681551218032837
403.7081036567688 0.48681551218032837
405.44256830215454 0.48681551218032837
406.93498706817627 0.48681551218032837
408.5289168357849 0.48681551218032837
410.15210127830505 0.48681551218032837
411.67099618911743 0.48681551218032837
413.2206552028656 0.48681551218032837
414.64631748199463 0.48681551218032837
416.0293834209442 0.48681551218032837
416.9790313243866 0.48681551218032837
417.86827087402344 0.48681551218032837
418.61907505989075 0.48681551218032837
419.52024006843567 0.48681551218032837
420.3702118396759 0.48681551218032837
421.5587430000305 0.48681551218032837
423.35833168029785 0.48681551218032837
424.7088098526001 0.48681551218032837
426.28391289711 0.48681551218032837
427.8766951560974 0.48681551218032837
429.20834493637085 0.48681551218032837
430.7781903743744 0.48681551218032837
432.19056272506714 0.48681551218032837
433.4544599056244 0.48681551218032837
434.94003653526306 0.48681551218032837
436.3959002494812 0.48681551218032837
438.22267723083496 0.48681551218032837
439.5799446105957 0.48681551218032837
440.86912393569946 0.48681551218032837
442.35187101364136 0.48681551218032837
443.72186517715454 0.48681551218032837
445.0541892051697 0.48681551218032837
446.80900716781616 0.48681551218032837
448.4131796360016 0.48681551218032837
450.03425788879395 0.48681551218032837
451.42777132987976 0.48681551218032837
453.101948261261 0.48681551218032837
454.789434671402 0.48681551218032837
456.34854078292847 0.48681551218032837
457.8151226043701 0.48681551218032837
458.8084383010864 0.48681551218032837
459.5820150375366 0.48681551218032837
460.44030570983887 0.48681551218032837
461.4073009490967 0.48681551218032837
462.30277609825134 0.48681551218032837
463.1008152961731 0.48681551218032837
463.7586326599121 0.48681551218032837
464.55247020721436 0.48681551218032837
465.6173665523529 0.48681551218032837
466.4635281562805 0.48681551218032837
467.6962115764618 0.48681551218032837
469.4845037460327 0.48681551218032837
470.7314956188202 0.48681551218032837
472.1316566467285 0.48681551218032837
473.72039818763733 0.48681551218032837
475.2962386608124 0.48681551218032837
476.97318029403687 0.48681551218032837
478.2542886734009 0.48681551218032837
479.60528540611267 0.48681551218032837
481.184424161911 0.48681551218032837
482.5852086544037 0.48681551218032837
484.06365633010864 0.48681551218032837
485.65281558036804 0.48681551218032837
487.2439069747925 0.48681551218032837
488.5250382423401 0.48681551218032837
490.3085103034973 0.48681551218032837
491.6041069030762 0.48681551218032837
493.2683963775635 0.48681551218032837
494.77655386924744 0.48681551218032837
496.1276693344116 0.48681551218032837
498.06382846832275 0.48681551218032837
499.5201334953308 0.48681551218032837
500.1924500465393 0.48681551218032837
500.8947057723999 0.48681551218032837
501.72473216056824 0.48681551218032837
502.9938373565674 0.48681551218032837
504.58050656318665 0.48681551218032837
505.8707799911499 0.48681551218032837
507.6032748222351 0.48681551218032837
509.39207458496094 0.48681551218032837
511.0362250804901 0.48681551218032837
512.927526473999 0.48681551218032837
514.6113805770874 0.48681551218032837
516.1132142543793 0.48681551218032837
518.2894012928009 0.48681551218032837
519.8323481082916 0.48681551218032837
521.0820043087006 0.48681551218032837
522.4600832462311 0.48681551218032837
523.7699193954468 0.48681551218032837
525.519059419632 0.48681551218032837
527.078022480011 0.48681551218032837
528.3849148750305 0.48681551218032837
529.8388419151306 0.48681551218032837
531.1949551105499 0.48681551218032837
532.4668483734131 0.48681551218032837
533.3541045188904 0.48681551218032837
534.3178715705872 0.48681551218032837
535.2424597740173 0.48681551218032837
536.6472244262695 0.48681551218032837
538.1355090141296 0.48681551218032837
539.6757040023804 0.48681551218032837
541.2566754817963 0.48681551218032837
542.8314142227173 0.48681551218032837
544.6542670726776 0.48681551218032837
546.1348555088043 0.48681551218032837
547.4119846820831 0.48681551218032837
549.1847717761993 0.48681551218032837
550.9302308559418 0.48681551218032837
552.673166513443 0.48681551218032837
554.6129176616669 0.48681551218032837
556.448529958725 0.48681551218032837
557.9368765354156 0.48681551218032837
559.7187194824219 0.48681551218032837
560.9565362930298 0.48681551218032837
562.8190925121307 0.48681551218032837
564.3169548511505 0.48681551218032837
565.6315429210663 0.48681551218032837
567.1631143093109 0.48681551218032837
568.5323741436005 0.48681551218032837
570.0581135749817 0.48681551218032837
571.5798327922821 0.48681551218032837
572.8679659366608 0.48681551218032837
574.3631992340088 0.48681551218032837
575.9079513549805 0.48681551218032837
577.324004650116 0.48681551218032837
578.8806262016296 0.48681551218032837
579.7064039707184 0.48681551218032837
581.3287286758423 0.48681551218032837
582.9736862182617 0.48681551218032837
584.509260892868 0.48681551218032837
585.9625356197357 0.48681551218032837
587.6478309631348 0.48681551218032837
588.9145143032074 0.48681551218032837
590.478009223938 0.48681551218032837
591.9279141426086 0.48681551218032837
593.5589334964752 0.48681551218032837
595.0107760429382 0.48681551218032837
596.3054032325745 0.48681551218032837
597.9721312522888 0.48681551218032837
599.258022069931 0.48681551218032837
600.813633441925 0.48681551218032837
602.4607465267181 0.48681551218032837
604.0728917121887 0.48681551218032837
605.6856083869934 0.48681551218032837
607.5157027244568 0.48681551218032837
609.0663268566132 0.48681551218032837
610.4033901691437 0.48681551218032837
611.3775250911713 0.48681551218032837
612.3898174762726 0.48681551218032837
613.9943888187408 0.48681551218032837
615.348977804184 0.48681551218032837
617.2119400501251 0.48681551218032837
619.2675323486328 0.48681551218032837
620.9813151359558 0.48681551218032837
622.6000258922577 0.48681551218032837
624.0892388820648 0.48681551218032837
625.9029471874237 0.48681551218032837
627.2442901134491 0.48681551218032837
628.8913750648499 0.48681551218032837
630.1955137252808 0.48681551218032837
631.6944777965546 0.48681551218032837
633.0612993240356 0.48681551218032837
634.4745423793793 0.48681551218032837
636.0751712322235 0.48681551218032837
637.2991738319397 0.48681551218032837
638.6023645401001 0.48681551218032837
640.0144846439362 0.48681551218032837
641.5410811901093 0.48681551218032837
642.5373454093933 0.48681551218032837
643.4279282093048 0.48681551218032837
644.1863610744476 0.48681551218032837
645.0957765579224 0.48681551218032837
645.8379697799683 0.48681551218032837
646.7468538284302 0.48681551218032837
648.6815793514252 0.48681551218032837
650.2302346229553 0.48681551218032837
651.7343804836273 0.48681551218032837
653.4317941665649 0.48681551218032837
655.0779750347137 0.48681551218032837
656.6858808994293 0.48681551218032837
658.0993895530701 0.48681551218032837
659.6330232620239 0.48681551218032837
661.9653594493866 0.48681551218032837
663.2116119861603 0.48681551218032837
664.8929445743561 0.48681551218032837
666.3818602561951 0.48681551218032837
667.7544083595276 0.48681551218032837
669.2465283870697 0.48681551218032837
670.7561135292053 0.48681551218032837
672.3804965019226 0.48681551218032837
673.9686677455902 0.48681551218032837
674.8603239059448 0.48681551218032837
675.6599757671356 0.48681551218032837
676.6235554218292 0.48681551218032837
677.4623649120331 0.48681551218032837
678.395919084549 0.48681551218032837
679.9264316558838 0.48681551218032837
681.4534211158752 0.48681551218032837
683.3766496181488 0.48681551218032837
684.666787147522 0.48681551218032837
685.9043216705322 0.48681551218032837
687.4732701778412 0.48681551218032837
688.5098030567169 0.48681551218032837
689.2893793582916 0.48681551218032837
690.2789454460144 0.48681551218032837
691.1918935775757 0.48681551218032837
692.2491192817688 0.48681551218032837
693.7414925098419 0.48681551218032837
695.0529651641846 0.48681551218032837
696.5382061004639 0.48681551218032837
697.9685504436493 0.48681551218032837
699.2468240261078 0.48681551218032837
700.8251221179962 0.48681551218032837
702.1948120594025 0.48681551218032837
703.5159158706665 0.48681551218032837
705.3198261260986 0.48681551218032837
706.7334868907928 0.48681551218032837
708.312747001648 0.48681551218032837
710.0267918109894 0.48681551218032837
711.3285617828369 0.48681551218032837
712.9771609306335 0.48681551218032837
714.4875848293304 0.48681551218032837
715.7200376987457 0.48681551218032837
717.7140512466431 0.48681551218032837
719.5386483669281 0.48681551218032837
720.9626750946045 0.48681551218032837
722.7011241912842 0.48681551218032837
724.0365343093872 0.48681551218032837
725.6686391830444 0.48681551218032837
726.432797908783 0.48681551218032837
727.2378132343292 0.48681551218032837
728.3232583999634 0.48681551218032837
729.1668066978455 0.48681551218032837
730.4467921257019 0.48681551218032837
732.0015482902527 0.48681551218032837
733.4820241928101 0.48681551218032837
734.8458368778229 0.48681551218032837
736.430624961853 0.48681551218032837
738.0755808353424 0.48681551218032837
739.6579585075378 0.48681551218032837
741.3264060020447 0.48681551218032837
742.7797546386719 0.48681551218032837
744.4536731243134 0.48681551218032837
745.9668579101562 0.48681551218032837
746.9881534576416 0.48681551218032837
747.9517006874084 0.48681551218032837
748.793568611145 0.48681551218032837
749.6713216304779 0.48681551218032837
750.6525368690491 0.48681551218032837
752.0735049247742 0.48681551218032837
753.5195410251617 0.48681551218032837
755.1501305103302 0.48681551218032837
756.5405449867249 0.48681551218032837
758.2261605262756 0.48681551218032837
759.7325944900513 0.48681551218032837
761.1788017749786 0.48681551218032837
762.6847424507141 0.48681551218032837
764.1399648189545 0.48681551218032837
765.6661846637726 0.48681551218032837
767.0355288982391 0.48681551218032837
767.9095892906189 0.48681551218032837
769.0341370105743 0.48681551218032837
769.9854686260223 0.48681551218032837
771.0329673290253 0.48681551218032837
772.8148500919342 0.48681551218032837
774.1457352638245 0.48681551218032837
775.6949110031128 0.48681551218032837
777.3082950115204 0.48681551218032837
778.8998255729675 0.48681551218032837
780.7195270061493 0.48681551218032837
781.5105850696564 0.48681551218032837
782.2757124900818 0.48681551218032837
783.2224190235138 0.48681551218032837
784.0116455554962 0.48681551218032837
785.2125034332275 0.48681551218032837
786.7553873062134 0.48681551218032837
788.2937612533569 0.48681551218032837
789.6618137359619 0.48681551218032837
791.2837975025177 0.48681551218032837
792.7399604320526 0.48681551218032837
794.3656792640686 0.48681551218032837
795.9411573410034 0.48681551218032837
797.361248254776 0.48681551218032837
798.8902351856232 0.48681551218032837
800.3529767990112 0.48681551218032837
801.9734282493591 0.48681551218032837
803.8444364070892 0.48681551218032837
805.5618183612823 0.48681551218032837
807.0737943649292 0.48681551218032837
808.3627405166626 0.48681551218032837
809.1003792285919 0.48681551218032837
810.0094838142395 0.48681551218032837
810.827130317688 0.48681551218032837
811.6973583698273 0.48681551218032837
812.7338647842407 0.48681551218032837
813.6023724079132 0.48681551218032837
814.446305513382 0.48681551218032837
815.3579413890839 0.48681551218032837
816.7761716842651 0.48681551218032837
818.4024021625519 0.48681551218032837
819.8505320549011 0.48681551218032837
821.1331875324249 0.48681551218032837
822.650238275528 0.48681551218032837
824.1475439071655 0.48681551218032837
825.4139597415924 0.48681551218032837
827.1222441196442 0.48681551218032837
828.5712451934814 0.48681551218032837
830.0770194530487 0.48681551218032837
831.6924555301666 0.48681551218032837
833.1522650718689 0.48681551218032837
834.9397714138031 0.48681551218032837
836.4180593490601 0.48681551218032837
837.9272584915161 0.48681551218032837
839.7636485099792 0.48681551218032837
841.0772960186005 0.48681551218032837
842.3944642543793 0.48681551218032837
843.9498519897461 0.48681551218032837
845.2810816764832 0.48681551218032837
846.7621204853058 0.48681551218032837
847.8998517990112 0.48681551218032837
848.9979646205902 0.48681551218032837
850.51646733284 0.48681551218032837
851.9749507904053 0.48681551218032837
853.2141559123993 0.48681551218032837
854.8131918907166 0.48681551218032837
856.3172550201416 0.48681551218032837
857.8294327259064 0.48681551218032837
859.5704214572906 0.48681551218032837
860.915869474411 0.48681551218032837
862.2239854335785 0.48681551218032837
864.2463376522064 0.48681551218032837
865.6883227825165 0.48681551218032837
867.4723198413849 0.48681551218032837
868.927122592926 0.48681551218032837
870.5389745235443 0.48681551218032837
872.211062669754 0.48681551218032837
873.8720507621765 0.48681551218032837
875.0941405296326 0.48681551218032837
875.9768767356873 0.48681551218032837
876.8138086795807 0.48681551218032837
877.7261672019958 0.48681551218032837
878.5047075748444 0.48681551218032837
879.4753000736237 0.48681551218032837
881.4770202636719 0.48681551218032837
883.1280400753021 0.48681551218032837
884.5940701961517 0.48681551218032837
886.2177231311798 0.48681551218032837
887.9563579559326 0.48681551218032837
889.3776862621307 0.48681551218032837
890.2124767303467 0.48681551218032837
891.0074133872986 0.48681551218032837
892.0223414897919 0.48681551218032837
893.5320188999176 0.48681551218032837
894.883198261261 0.48681551218032837
896.5205750465393 0.48681551218032837
897.878223657608 0.48681551218032837
899.2078649997711 0.48681551218032837
900.9371945858002 0.48681551218032837
902.433247089386 0.48681551218032837
903.9016013145447 0.48681551218032837
905.8233144283295 0.48681551218032837
907.2476410865784 0.48681551218032837
908.9044809341431 0.48681551218032837
910.2152812480927 0.48681551218032837
911.7509682178497 0.48681551218032837
913.7038967609406 0.48681551218032837
915.321681022644 0.48681551218032837
916.8160855770111 0.48681551218032837
918.5788750648499 0.48681551218032837
919.8009653091431 0.48681551218032837
921.4090495109558 0.48681551218032837
922.6802730560303 0.48681551218032837
924.1124184131622 0.48681551218032837
925.6313347816467 0.48681551218032837
926.9906888008118 0.48681551218032837
928.4019062519073 0.48681551218032837
930.1947727203369 0.48681551218032837
931.7876365184784 0.48681551218032837
932.719064950943 0.48681551218032837
933.8383989334106 0.48681551218032837
934.7502059936523 0.48681551218032837
935.7944395542145 0.48681551218032837
936.7376770973206 0.48681551218032837
938.3624124526978 0.48681551218032837
940.3659615516663 0.48681551218032837
942.1963293552399 0.48681551218032837
943.8969173431396 0.48681551218032837
945.8978910446167 0.48681551218032837
947.530187368393 0.48681551218032837
949.309814453125 0.48681551218032837
951.4001100063324 0.48681551218032837
952.5647175312042 0.48681551218032837
953.2719733715057 0.48681551218032837
953.9107983112335 0.48681551218032837
954.5470304489136 0.48681551218032837
955.3416335582733 0.48681551218032837
956.0601062774658 0.48681551218032837
956.7232208251953 0.48681551218032837
957.45148229599 0.48681551218032837
958.0841498374939 0.48681551218032837
958.8572437763214 0.48681551218032837
959.4629228115082 0.48681551218032837
960.0496625900269 0.48681551218032837
960.8011815547943 0.48681551218032837
961.5487923622131 0.48681551218032837
962.3425478935242 0.48681551218032837
963.2736058235168 0.48681551218032837
964.2098045349121 0.48681551218032837
965.1254332065582 0.48681551218032837
966.6710436344147 0.48681551218032837
968.0657570362091 0.48681551218032837
969.8329074382782 0.48681551218032837
971.307534456253 0.48681551218032837
972.6003291606903 0.48681551218032837
974.1880855560303 0.48681551218032837
975.6584815979004 0.48681551218032837
977.0993690490723 0.48681551218032837
978.6687319278717 0.48681551218032837
980.1058251857758 0.48681551218032837
981.5167105197906 0.48681551218032837
983.0666508674622 0.48681551218032837
984.4111979007721 0.48681551218032837
986.0423054695129 0.48681551218032837
987.92835521698 0.48681551218032837
989.1523716449738 0.48681551218032837
990.5884487628937 0.48681551218032837
992.0068023204803 0.48681551218032837
993.448091506958 0.48681551218032837
995.180433511734 0.48681551218032837
996.660727262497 0.48681551218032837
998.2705283164978 0.48681551218032837
999.0200371742249 0.48681551218032837
999.9609799385071 0.48681551218032837
1001.4557888507843 0.48681551218032837
1002.6791236400604 0.48681551218032837
1003.9324746131897 0.48681551218032837
1005.643283367157 0.48681551218032837
1007.2336480617523 0.48681551218032837
1008.6117694377899 0.48681551218032837
1010.1352350711823 0.48681551218032837
1011.4528841972351 0.48681551218032837
1013.096734046936 0.48681551218032837
1014.5080578327179 0.48681551218032837
1016.243983745575 0.48681551218032837
1017.920761346817 0.48681551218032837
1019.2831380367279 0.48681551218032837
1020.879899263382 0.48681551218032837
1022.5587728023529 0.48681551218032837
1023.9298951625824 0.48681551218032837
1025.3905489444733 0.48681551218032837
1026.9458231925964 0.48681551218032837
1028.3215136528015 0.48681551218032837
1030.1414065361023 0.48681551218032837
1031.2786843776703 0.48681551218032837
1032.2732651233673 0.48681551218032837
1033.2868027687073 0.48681551218032837
1034.7977542877197 0.48681551218032837
1036.3682487010956 0.48681551218032837
1038.0305721759796 0.48681551218032837
1039.3433220386505 0.48681551218032837
1040.6706809997559 0.48681551218032837
1042.2157661914825 0.48681551218032837
1043.8887739181519 0.48681551218032837
1045.7321281433105 0.48681551218032837
1047.463698387146 0.48681551218032837
1049.0991871356964 0.48681551218032837
1050.6296536922455 0.48681551218032837
1052.1101727485657 0.48681551218032837
1053.2868189811707 0.48681551218032837
1055.3977851867676 0.48681551218032837
1057.1103684902191 0.48681551218032837
1058.9127995967865 0.48681551218032837
1060.5387861728668 0.48681551218032837
1062.0425646305084 0.48681551218032837
1063.6674325466156 0.48681551218032837
1065.1999924182892 0.48681551218032837
1066.5539302825928 0.48681551218032837
1068.2315106391907 0.48681551218032837
1069.4879615306854 0.48681551218032837
1070.8535356521606 0.48681551218032837
1072.4310750961304 0.48681551218032837
1073.7200577259064 0.48681551218032837
1075.2512936592102 0.48681551218032837
1077.0648045539856 0.48681551218032837
1078.5479519367218 0.48681551218032837
1080.0459582805634 0.48681551218032837
1081.4479649066925 0.48681551218032837
1082.8776412010193 0.48681551218032837
1084.5816049575806 0.48681551218032837
1086.0926547050476 0.48681551218032837
1087.5598340034485 0.48681551218032837
1089.0178835391998 0.48681551218032837
1089.9448266029358 0.48681551218032837
1091.970354795456 0.48681551218032837
1093.6414470672607 0.48681551218032837
1095.1581320762634 0.48681551218032837
1097.1378393173218 0.48681551218032837
1098.5939245224 0.48681551218032837
1100.6236882209778 0.48681551218032837
1102.4642889499664 0.48681551218032837
1104.0866630077362 0.48681551218032837
1105.4560346603394 0.48681551218032837
1106.877280473709 0.48681551218032837
1108.535117149353 0.48681551218032837
1110.024094581604 0.48681551218032837
1111.5405733585358 0.48681551218032837
1112.8493392467499 0.48681551218032837
1114.8878552913666 0.48681551218032837
1116.4027004241943 0.48681551218032837
1117.8192410469055 0.48681551218032837
1119.7960715293884 0.48681551218032837
1121.1642408370972 0.48681551218032837
1123.0663120746613 0.48681551218032837
1124.524719953537 0.48681551218032837
1125.3429141044617 0.48681551218032837
1126.3059594631195 0.48681551218032837
1127.1184916496277 0.48681551218032837
1127.7796065807343 0.48681551218032837
1129.3906219005585 0.48681551218032837
1130.6266872882843 0.48681551218032837
1132.0243363380432 0.48681551218032837
1133.661413192749 0.48681551218032837
1135.1993248462677 0.48681551218032837
1137.2543969154358 0.48681551218032837
1139.2346045970917 0.48681551218032837
1140.7234556674957 0.48681551218032837
1142.3873965740204 0.48681551218032837
1143.9950649738312 0.48681551218032837
1145.5631341934204 0.48681551218032837
1147.1185176372528 0.48681551218032837
1148.7113139629364 0.48681551218032837
1150.2864124774933 0.48681551218032837
1152.1161949634552 0.48681551218032837
1153.5943558216095 0.48681551218032837
1155.2385613918304 0.48681551218032837
1156.2911670207977 0.48681551218032837
1157.0732369422913 0.48681551218032837
1158.1915254592896 0.48681551218032837
1159.458081960678 0.48681551218032837
1160.7299547195435 0.48681551218032837
1162.2396230697632 0.48681551218032837
1163.6550977230072 0.48681551218032837
1164.943163394928 0.48681551218032837
1165.7163479328156 0.48681551218032837
1166.5782761573792 0.48681551218032837
1167.9798052310944 0.48681551218032837
1169.3547949790955 0.48681551218032837
1171.000582933426 0.48681551218032837
1172.5107915401459 0.48681551218032837
1173.928687095642 0.48681551218032837
1175.5124945640564 0.48681551218032837
1177.042145729065 0.48681551218032837
1178.5150020122528 0.48681551218032837
1180.5338637828827 0.48681551218032837
1182.1907832622528 0.48681551218032837
1183.5397934913635 0.48681551218032837
1185.0289301872253 0.48681551218032837
1186.4062740802765 0.48681551218032837
1187.8296074867249 0.48681551218032837
1189.4078567028046 0.48681551218032837
1190.9121527671814 0.48681551218032837
1192.4997670650482 0.48681551218032837
1194.0485801696777 0.48681551218032837
1195.5857825279236 0.48681551218032837
1197.2995529174805 0.48681551218032837
1198.6067175865173 0.48681551218032837
1200.0857253074646 0.48681551218032837
1201.747531414032 0.48681551218032837
1203.1316373348236 0.48681551218032837
1204.2628099918365 0.48681551218032837
1205.1628386974335 0.48681551218032837
1205.9880239963531 0.48681551218032837
1207.0759134292603 0.48681551218032837
1207.8969421386719 0.48681551218032837
1208.74010181427 0.48681551218032837
1209.5788497924805 0.48681551218032837
1210.7938358783722 0.48681551218032837
1212.1357131004333 0.48681551218032837
1213.79562997818 0.48681551218032837
1215.5264613628387 0.48681551218032837
1216.815987586975 0.48681551218032837
1218.4410827159882 0.48681551218032837
1219.213116645813 0.48681551218032837
1220.1766567230225 0.48681551218032837
1221.062989473343 0.48681551218032837
1221.8319742679596 0.48681551218032837
1222.7887909412384 0.48681551218032837
1223.6675293445587 0.48681551218032837
1224.4674928188324 0.48681551218032837
1225.8761026859283 0.48681551218032837
1227.4782073497772 0.48681551218032837
1228.8123824596405 0.48681551218032837
1230.2927963733673 0.48681551218032837
1231.8342514038086 0.48681551218032837
1233.7317373752594 0.48681551218032837
1235.3844802379608 0.48681551218032837
1236.8820662498474 0.48681551218032837
1238.4794251918793 0.48681551218032837
1240.3051862716675 0.48681551218032837
1241.819416999817 0.48681551218032837
1243.6037101745605 0.48681551218032837
1244.5595891475677 0.48681551218032837
1245.7171201705933 0.48681551218032837
1247.299792289734 0.48681551218032837
1249.061030626297 0.48681551218032837
1251.058667421341 0.48681551218032837
1252.849197626114 0.48681551218032837
1254.355252981186 0.48681551218032837
1256.050327539444 0.48681551218032837
1257.3146855831146 0.48681551218032837
1258.6588175296783 0.48681551218032837
1260.407074689865 0.48681551218032837
1261.8659591674805 0.48681551218032837
1263.8664948940277 0.48681551218032837
1265.4273545742035 0.48681551218032837
1266.78418302536 0.48681551218032837
1268.3959696292877 0.48681551218032837
1269.896348953247 0.48681551218032837
1271.5551869869232 0.48681551218032837
1273.4606239795685 0.48681551218032837
1274.8304088115692 0.48681551218032837
1276.2110340595245 0.48681551218032837
1277.8121500015259 0.48681551218032837
1279.3294610977173 0.48681551218032837
1280.9573595523834 0.48681551218032837
1282.3475263118744 0.48681551218032837
1283.7503933906555 0.48681551218032837
1284.749742269516 0.48681551218032837
1285.352293252945 0.48681551218032837
1285.9710910320282 0.48681551218032837
1286.6786000728607 0.48681551218032837
1287.323448896408 0.48681551218032837
1287.950889825821 0.48681551218032837
1288.8830783367157 0.48681551218032837
1289.79709482193 0.48681551218032837
1291.338796377182 0.48681551218032837
1292.9746584892273 0.48681551218032837
1294.3443341255188 0.48681551218032837
1295.8924188613892 0.48681551218032837
1297.822093963623 0.48681551218032837
1299.5718171596527 0.48681551218032837
1301.0870802402496 0.48681551218032837
1302.6902701854706 0.48681551218032837
1304.2414066791534 0.48681551218032837
1305.7115755081177 0.48681551218032837
1307.1630096435547 0.48681551218032837
1309.0768015384674 0.48681551218032837
1310.6070563793182 0.48681551218032837
1312.008559703827 0.48681551218032837
1313.8165848255157 0.48681551218032837
1315.2547798156738 0.48681551218032837
1316.6608428955078 0.48681551218032837
1318.3506994247437 0.48681551218032837
1320.0505530834198 0.48681551218032837
1321.5585594177246 0.48681551218032837
1323.2624440193176 0.48681551218032837
1324.4239399433136 0.48681551218032837
1325.3656072616577 0.48681551218032837
1326.292931318283 0.48681551218032837
1327.0636410713196 0.48681551218032837
1328.0170743465424 0.48681551218032837
1328.6952366828918 0.48681551218032837
1329.8135628700256 0.48681551218032837
1331.6056530475616 0.48681551218032837
1332.9611659049988 0.48681551218032837
1334.787653207779 0.48681551218032837
1336.497719526291 0.48681551218032837
1337.933717250824 0.48681551218032837
1339.8110773563385 0.48681551218032837
1341.2808980941772 0.48681551218032837
1342.7247359752655 0.48681551218032837
1344.2089455127716 0.48681551218032837
1345.8647644519806 0.48681551218032837
1347.3495290279388 0.48681551218032837
1348.4896519184113 0.48681551218032837
1349.2860043048859 0.48681551218032837
1350.6586112976074 0.48681551218032837
1351.9638392925262 0.48681551218032837
1353.2611405849457 0.48681551218032837
1355.279659986496 0.48681551218032837
1356.6981723308563 0.48681551218032837
1358.0785279273987 0.48681551218032837
1359.7755341529846 0.48681551218032837
1361.1738941669464 0.48681551218032837
1363.1576008796692 0.48681551218032837
1364.7891869544983 0.48681551218032837
1366.11474442482 0.48681551218032837
1367.6598391532898 0.48681551218032837
1369.037804365158 0.48681551218032837
1370.4213390350342 0.48681551218032837
1371.9109966754913 0.48681551218032837
1373.180679321289 0.48681551218032837
1374.76309299469 0.48681551218032837
1376.1252524852753 0.48681551218032837
1376.8991413116455 0.48681551218032837
1377.8139748573303 0.48681551218032837
1378.606020450592 0.48681551218032837
1379.5512466430664 0.48681551218032837
1381.2076885700226 0.48681551218032837
1382.7149329185486 0.48681551218032837
1384.2556965351105 0.48681551218032837
1385.8384165763855 0.48681551218032837
1387.2052822113037 0.48681551218032837
1388.3716468811035 0.48681551218032837
1389.9427723884583 0.48681551218032837
1391.2318353652954 0.48681551218032837
1392.7611980438232 0.48681551218032837
1394.1989240646362 0.48681551218032837
1395.4563555717468 0.48681551218032837
1397.2753429412842 0.48681551218032837
1398.89843583107 0.48681551218032837
1400.1966977119446 0.48681551218032837
1401.6899082660675 0.48681551218032837
