1.7662334442138672 0.5692835450172424
3.15041446685791 0.5692835450172424
4.605404615402222 0.5692835450172424
6.204359531402588 0.5692835450172424
7.7215259075164795 0.5692835450172424
9.438568115234375 0.5363667607307434
11.030118227005005 0.5363667607307434
12.409103631973267 0.5350590348243713
13.951942920684814 0.5350590348243713
15.410314559936523 0.5350590348243713
17.21650767326355 0.5350590348243713
18.873806476593018 0.5350590348243713
20.426769256591797 0.5104325413703918
22.787134408950806 0.4923393428325653
25.012519359588623 0.4923393428325653
26.860172271728516 0.4923393428325653
28.409045696258545 0.4923393428325653
29.6000714302063 0.4923393428325653
30.247839212417603 0.4923393428325653
31.56179642677307 0.4923393428325653
33.09390211105347 0.4923393428325653
34.39224910736084 0.4923393428325653
35.484328746795654 0.4923393428325653
36.57165050506592 0.4923393428325653
38.32686972618103 0.4923393428325653
40.35440635681152 0.4923393428325653
41.94498586654663 0.4923393428325653
43.64371848106384 0.4923393428325653
45.17717099189758 0.4923393428325653
46.35788106918335 0.4923393428325653
47.9375364780426 0.4923393428325653
49.304763078689575 0.4923393428325653
50.80815553665161 0.4923393428325653
51.99596405029297 0.4923393428325653
53.475109815597534 0.4923393428325653
55.62511968612671 0.4923393428325653
57.55143928527832 0.4923393428325653
59.16185474395752 0.4923393428325653
60.76175236701965 0.4923393428325653
62.47878122329712 0.4923393428325653
64.91446542739868 0.4923393428325653
66.83199405670166 0.4923393428325653
68.18291687965393 0.4923393428325653
70.07457208633423 0.4923393428325653
72.00383591651917 0.4923393428325653
73.71080112457275 0.4923393428325653
75.48055481910706 0.4923393428325653
76.61410665512085 0.4923393428325653
77.72104573249817 0.4923393428325653
79.05202007293701 0.4923393428325653
80.24698543548584 0.4923393428325653
81.18924808502197 0.4923393428325653
82.5182089805603 0.4923393428325653
83.65461850166321 0.4923393428325653
85.13131070137024 0.4923393428325653
86.4297661781311 0.4923393428325653
87.61636805534363 0.4923393428325653
89.00460362434387 0.4923393428325653
90.34916043281555 0.4923393428325653
91.72006344795227 0.4923393428325653
93.13631343841553 0.4923393428325653
94.36427760124207 0.4923393428325653
95.91524243354797 0.4923393428325653
97.7120509147644 0.4923393428325653
99.8174684047699 0.4923393428325653
101.89992332458496 0.4923393428325653
103.6458752155304 0.4923393428325653
105.12110257148743 0.4923393428325653
107.20822048187256 0.4923393428325653
108.83328652381897 0.4923393428325653
110.75219440460205 0.4923393428325653
112.28965902328491 0.4923393428325653
113.53285503387451 0.4923393428325653
115.02377438545227 0.4923393428325653
116.282954454422 0.4923393428325653
117.96901726722717 0.4923393428325653
119.93163657188416 0.4923393428325653
121.70604419708252 0.4923393428325653
123.27318048477173 0.4923393428325653
125.15288496017456 0.4923393428325653
126.81707715988159 0.4923393428325653
127.95215129852295 0.4923393428325653
128.75971508026123 0.4923393428325653
129.5834937095642 0.4923393428325653
130.64791202545166 0.4923393428325653
131.83812713623047 0.4923393428325653
132.93094730377197 0.4923393428325653
134.3952796459198 0.4923393428325653
135.90298461914062 0.4923393428325653
137.22776436805725 0.4923393428325653
138.7085156440735 0.4923393428325653
140.193288564682 0.4923393428325653
141.77959370613098 0.4923393428325653
143.3468518257141 0.4923393428325653
145.20867490768433 0.4923393428325653
146.82363533973694 0.4923393428325653
148.08914971351624 0.4923393428325653
149.27178263664246 0.4923393428325653
150.65961337089539 0.4923393428325653
151.90151071548462 0.4923393428325653
153.0458424091339 0.4923393428325653
154.46001768112183 0.4923393428325653
155.5949101448059 0.4923393428325653
157.31045627593994 0.4923393428325653
158.70355582237244 0.4923393428325653
160.02460956573486 0.4923393428325653
161.95689392089844 0.4923393428325653
163.44601726531982 0.4923393428325653
164.93190503120422 0.4923393428325653
166.9896001815796 0.4923393428325653
168.897456407547 0.4923393428325653
170.6703977584839 0.4923393428325653
172.0941984653473 0.4923393428325653
173.52850341796875 0.4923393428325653
175.172669172287 0.4923393428325653
176.60198259353638 0.4923393428325653
177.95780754089355 0.4923393428325653
179.3406264781952 0.4923393428325653
180.35993814468384 0.4923393428325653
181.1510670185089 0.4923393428325653
182.12852811813354 0.4923393428325653
183.9024841785431 0.4923393428325653
185.17867350578308 0.4923393428325653
186.36602020263672 0.4923393428325653
187.45361876487732 0.4923393428325653
188.7537317276001 0.4923393428325653
189.85348272323608 0.4923393428325653
191.03800439834595 0.4923393428325653
192.56867122650146 0.4923393428325653
194.0623481273651 0.4923393428325653
195.42042207717896 0.4923393428325653
197.17285990715027 0.4923393428325653
198.48998713493347 0.4923393428325653
200.12174534797668 0.4923393428325653
201.94243693351746 0.4923393428325653
203.4938521385193 0.4923393428325653
205.35693407058716 0.4923393428325653
207.35620975494385 0.4923393428325653
209.0536482334137 0.4923393428325653
210.69746375083923 0.4923393428325653
212.40621852874756 0.4923393428325653
214.54511976242065 0.4923393428325653
215.8729465007782 0.4923393428325653
217.05657529830933 0.4923393428325653
219.05137276649475 0.4923393428325653
220.30395340919495 0.4923393428325653
221.64412140846252 0.4923393428325653
223.38238167762756 0.4923393428325653
224.69987273216248 0.4923393428325653
225.72536301612854 0.4923393428325653
226.69751524925232 0.4923393428325653
227.6055245399475 0.4923393428325653
228.66444325447083 0.4923393428325653
229.91591048240662 0.4923393428325653
231.15001893043518 0.4923393428325653
232.57536005973816 0.4923393428325653
233.7688066959381 0.4923393428325653
234.718740940094 0.4923393428325653
235.83671116828918 0.4923393428325653
237.0241847038269 0.4923393428325653
238.3641574382782 0.4923393428325653
240.0764615535736 0.4923393428325653
241.48115730285645 0.4923393428325653
243.23313188552856 0.4923393428325653
244.95365142822266 0.4923393428325653
246.7441086769104 0.4923393428325653
248.91975903511047 0.4923393428325653
250.43122458457947 0.4923393428325653
251.93392992019653 0.4923393428325653
253.78496313095093 0.4923393428325653
255.36552166938782 0.4923393428325653
256.9690294265747 0.4923393428325653
258.5346758365631 0.4923393428325653
259.78535509109497 0.4923393428325653
261.4396834373474 0.4923393428325653
262.7497832775116 0.4923393428325653
263.99641394615173 0.4923393428325653
265.5817472934723 0.4923393428325653
267.01688957214355 0.4923393428325653
268.47650694847107 0.4923393428325653
270.1455144882202 0.4923393428325653
271.34208130836487 0.4923393428325653
272.86563086509705 0.4923393428325653
274.28609585762024 0.4923393428325653
276.07861375808716 0.4923393428325653
277.78947949409485 0.4923393428325653
279.2300817966461 0.4923393428325653
280.5699071884155 0.4923393428325653
282.04156517982483 0.4923393428325653
283.9165093898773 0.4923393428325653
285.38241052627563 0.4923393428325653
287.08769512176514 0.4923393428325653
288.4461648464203 0.4923393428325653
290.13440108299255 0.4923393428325653
291.09692883491516 0.4923393428325653
292.0745460987091 0.4923393428325653
293.72554445266724 0.4923393428325653
295.32080817222595 0.4923393428325653
297.12528133392334 0.4923393428325653
299.505797624588 0.4923393428325653
301.3222749233246 0.4923393428325653
302.5539951324463 0.4923393428325653
304.0085983276367 0.4923393428325653
305.4277684688568 0.4923393428325653
307.0002090930939 0.4923393428325653
308.67554450035095 0.4923393428325653
309.98593759536743 0.4923393428325653
311.06802225112915 0.4923393428325653
312.32200264930725 0.4923393428325653
313.9123287200928 0.4923393428325653
315.41108202934265 0.4923393428325653
317.54151940345764 0.4923393428325653
320.18307638168335 0.4923393428325653
321.76802682876587 0.4923393428325653
323.6055748462677 0.4923393428325653
325.21451449394226 0.4923393428325653
326.62910866737366 0.4923393428325653
328.03025579452515 0.4923393428325653
330.47719717025757 0.4923393428325653
332.82943868637085 0.4923393428325653
334.6671154499054 0.4923393428325653
336.60144901275635 0.4923393428325653
338.289244890213 0.4923393428325653
340.2851541042328 0.4923393428325653
341.8599684238434 0.4923393428325653
342.9681694507599 0.4923393428325653
344.3891079425812 0.4923393428325653
345.93618154525757 0.4923393428325653
347.50068187713623 0.4923393428325653
349.4511933326721 0.4923393428325653
350.7796130180359 0.4923393428325653
351.5108845233917 0.4923393428325653
352.74244832992554 0.4923393428325653
354.0423939228058 0.4923393428325653
355.90962076187134 0.4923393428325653
357.92575573921204 0.4923393428325653
359.99887561798096 0.4923393428325653
362.0706994533539 0.4923393428325653
363.5705964565277 0.4923393428325653
365.5498378276825 0.4923393428325653
367.6252179145813 0.4923393428325653
369.59158182144165 0.4923393428325653
371.9161937236786 0.4923393428325653
373.6524660587311 0.4923393428325653
375.44623041152954 0.4923393428325653
377.1928722858429 0.4923393428325653
378.649605512619 0.4923393428325653
380.39106583595276 0.4923393428325653
382.19511008262634 0.4923393428325653
383.83103919029236 0.4923393428325653
385.39701199531555 0.4923393428325653
387.1025457382202 0.4923393428325653
388.3818733692169 0.4923393428325653
389.85182452201843 0.4923393428325653
391.42107582092285 0.4923393428325653
392.9548668861389 0.4923393428325653
394.9086985588074 0.4923393428325653
396.58499360084534 0.4923393428325653
398.2894837856293 0.4923393428325653
400.16922426223755 0.4923393428325653
401.8382353782654 0.4923393428325653
402.53405952453613 0.4923393428325653
403.33063220977783 0.4923393428325653
404.7027177810669 0.4923393428325653
406.5586886405945 0.4923393428325653
408.56930017471313 0.4923393428325653
410.19435572624207 0.4923393428325653
412.047235250473 0.4923393428325653
413.52589774131775 0.4923393428325653
415.1693332195282 0.4923393428325653
417.01619386672974 0.4923393428325653
418.4282441139221 0.4923393428325653
419.56727051734924 0.4923393428325653
420.9775171279907 0.4923393428325653
422.3312051296234 0.4923393428325653
424.12728667259216 0.4923393428325653
426.0890555381775 0.4923393428325653
427.74500942230225 0.4923393428325653
429.6085195541382 0.4923393428325653
431.5217869281769 0.4923393428325653
433.03261518478394 0.4923393428325653
435.11617517471313 0.4923393428325653
437.07122588157654 0.4923393428325653
439.0139126777649 0.4923393428325653
440.391884803772 0.4923393428325653
442.5232312679291 0.4923393428325653
444.77372121810913 0.4923393428325653
446.84179282188416 0.4923393428325653
448.22479462623596 0.4923393428325653
449.3813416957855 0.4923393428325653
450.7246448993683 0.4923393428325653
451.98342847824097 0.4923393428325653
453.584370136261 0.4923393428325653
455.1978416442871 0.4923393428325653
456.9175856113434 0.4923393428325653
457.87267231941223 0.4923393428325653
458.9282851219177 0.4923393428325653
460.59038162231445 0.4923393428325653
462.4532198905945 0.4923393428325653
464.00430059432983 0.4923393428325653
466.1354088783264 0.4923393428325653
468.5619089603424 0.4923393428325653
469.88243412971497 0.4923393428325653
471.21707010269165 0.4923393428325653
472.4719591140747 0.4923393428325653
473.8644323348999 0.4923393428325653
475.23801589012146 0.4923393428325653
476.6069960594177 0.4923393428325653
478.4368546009064 0.4923393428325653
479.9395833015442 0.4923393428325653
481.6179566383362 0.4923393428325653
483.77232909202576 0.4923393428325653
485.09735226631165 0.4923393428325653
486.8417980670929 0.4923393428325653
488.6128098964691 0.4923393428325653
490.17390513420105 0.4923393428325653
491.8104155063629 0.4923393428325653
493.1190960407257 0.4923393428325653
494.4220254421234 0.4923393428325653
495.70567870140076 0.4923393428325653
496.79769825935364 0.4923393428325653
497.6759297847748 0.4923393428325653
498.71191787719727 0.4923393428325653
499.67574167251587 0.4923393428325653
500.7573869228363 0.4923393428325653
501.79599118232727 0.4923393428325653
503.0927801132202 0.4923393428325653
504.4371819496155 0.4923393428325653
505.61783957481384 0.4923393428325653
506.7689130306244 0.4923393428325653
509.2705738544464 0.4923393428325653
510.5491940975189 0.4923393428325653
511.8391447067261 0.4923393428325653
513.593891620636 0.4923393428325653
515.3438677787781 0.4923393428325653
516.9971315860748 0.4923393428325653
518.4197897911072 0.4923393428325653
520.3100228309631 0.4923393428325653
522.6907143592834 0.4923393428325653
524.1994071006775 0.4923393428325653
525.5949277877808 0.4923393428325653
527.1313252449036 0.4923393428325653
528.6540443897247 0.4923393428325653
530.6523787975311 0.4923393428325653
532.5583744049072 0.4923393428325653
534.0845165252686 0.4923393428325653
536.5060539245605 0.4923393428325653
538.0332777500153 0.4923393428325653
539.6026368141174 0.4923393428325653
541.4383521080017 0.4923393428325653
543.4689991474152 0.4923393428325653
545.0260736942291 0.4923393428325653
546.9079723358154 0.4923393428325653
548.3209948539734 0.4923393428325653
550.2055006027222 0.4923393428325653
551.3656525611877 0.4923393428325653
552.4368109703064 0.4923393428325653
553.4714062213898 0.4923393428325653
554.4480268955231 0.4923393428325653
556.1940627098083 0.4923393428325653
558.4364066123962 0.4923393428325653
559.986914396286 0.4923393428325653
561.4926578998566 0.4923393428325653
564.0366058349609 0.4923393428325653
565.8303790092468 0.4923393428325653
568.08842253685 0.4923393428325653
570.1582469940186 0.4923393428325653
571.8623578548431 0.4923393428325653
573.7791125774384 0.4923393428325653
575.434574842453 0.4923393428325653
577.3580882549286 0.4923393428325653
579.64430809021 0.4923393428325653
581.7941770553589 0.4923393428325653
583.7539348602295 0.4923393428325653
586.2428548336029 0.4923393428325653
587.8747351169586 0.4923393428325653
589.6071560382843 0.4923393428325653
591.4151892662048 0.4923393428325653
592.9159557819366 0.4923393428325653
594.2278096675873 0.4923393428325653
595.2779989242554 0.4923393428325653
596.3263516426086 0.4923393428325653
598.1271991729736 0.4923393428325653
599.9587850570679 0.4923393428325653
602.0427782535553 0.4923393428325653
603.6012768745422 0.4923393428325653
604.8150582313538 0.4923393428325653
606.489511013031 0.4923393428325653
607.8292036056519 0.4923393428325653
609.0371296405792 0.4923393428325653
611.0061249732971 0.4923393428325653
612.2279150485992 0.4923393428325653
613.5471458435059 0.4923393428325653
615.0565061569214 0.4923393428325653
616.4184420108795 0.4923393428325653
617.9873099327087 0.4923393428325653
619.1626441478729 0.4923393428325653
621.4214572906494 0.4923393428325653
623.6932518482208 0.4923393428325653
625.7063450813293 0.4923393428325653
627.5705687999725 0.4923393428325653
629.215630531311 0.4923393428325653
630.974862575531 0.4923393428325653
633.1436579227448 0.4923393428325653
635.1600804328918 0.4923393428325653
637.2516922950745 0.4923393428325653
638.9716639518738 0.4923393428325653
640.294869184494 0.4923393428325653
641.7411308288574 0.4923393428325653
643.4497876167297 0.4923393428325653
644.8801112174988 0.4923393428325653
646.5572144985199 0.4923393428325653
648.5259840488434 0.4923393428325653
649.9801790714264 0.4923393428325653
651.5222067832947 0.4923393428325653
653.0056812763214 0.4923393428325653
654.360517501831 0.4923393428325653
655.9988720417023 0.4923393428325653
657.6966800689697 0.4923393428325653
659.4192397594452 0.4923393428325653
660.7065727710724 0.4923393428325653
662.2595655918121 0.4923393428325653
664.3451128005981 0.4923393428325653
666.0385324954987 0.4923393428325653
667.4138841629028 0.4923393428325653
668.9694259166718 0.4923393428325653
670.2706685066223 0.4923393428325653
671.4855194091797 0.4923393428325653
673.0186450481415 0.4923393428325653
674.5867297649384 0.4923393428325653
675.8787679672241 0.4923393428325653
677.3474857807159 0.4923393428325653
678.6090869903564 0.4923393428325653
679.8852052688599 0.48874372243881226
681.33087849617 0.48874372243881226
682.5102431774139 0.48874372243881226
683.9830484390259 0.48874372243881226
685.2817151546478 0.48874372243881226
686.6922662258148 0.48874372243881226
688.2063322067261 0.48874372243881226
689.4815459251404 0.48874372243881226
690.7521820068359 0.48874372243881226
692.3833215236664 0.48874372243881226
693.9392786026001 0.48874372243881226
695.7523317337036 0.48874372243881226
697.232667684555 0.48874372243881226
698.5292751789093 0.48874372243881226
699.9983868598938 0.48874372243881226
701.1975741386414 0.48874372243881226
702.4776921272278 0.48874372243881226
704.1736314296722 0.48874372243881226
705.2631938457489 0.48874372243881226
706.2284204959869 0.48874372243881226
707.596333026886 0.48874372243881226
708.9890127182007 0.48874372243881226
710.6823852062225 0.48874372243881226
711.9376323223114 0.48874372243881226
713.2934024333954 0.48874372243881226
715.1491136550903 0.48874372243881226
717.0140156745911 0.48874372243881226
718.5760865211487 0.48874372243881226
720.5549612045288 0.48874372243881226
721.9123642444611 0.48874372243881226
723.2379560470581 0.48874372243881226
725.1991539001465 0.48874372243881226
726.7429101467133 0.48874372243881226
728.6734366416931 0.48874372243881226
730.0597858428955 0.48874372243881226
731.7460391521454 0.48874372243881226
733.601833820343 0.48874372243881226
735.1862092018127 0.48874372243881226
736.2182111740112 0.48874372243881226
737.7441437244415 0.48874372243881226
739.1032195091248 0.48874372243881226
740.6142303943634 0.48874372243881226
742.1897978782654 0.48874372243881226
743.6448035240173 0.48874372243881226
745.9101340770721 0.48874372243881226
747.3016355037689 0.48874372243881226
748.8897535800934 0.48874372243881226
750.3295981884003 0.48874372243881226
751.7348682880402 0.48874372243881226
753.3698620796204 0.48874372243881226
755.4835119247437 0.48874372243881226
756.854487657547 0.48874372243881226
758.0989122390747 0.48874372243881226
759.4662063121796 0.48874372243881226
760.7098753452301 0.48874372243881226
762.0426058769226 0.48874372243881226
763.2813801765442 0.48874372243881226
764.4252371788025 0.48874372243881226
765.9411776065826 0.48874372243881226
767.2730395793915 0.48874372243881226
768.476993560791 0.48874372243881226
769.7445554733276 0.48874372243881226
770.9614293575287 0.48874372243881226
772.3726587295532 0.48874372243881226
773.6160638332367 0.48874372243881226
774.8424360752106 0.48874372243881226
776.2081611156464 0.48874372243881226
777.5149123668671 0.48874372243881226
778.8438923358917 0.48874372243881226
780.2493650913239 0.48874372243881226
781.6366510391235 0.48874372243881226
782.7266216278076 0.48874372243881226
784.3492577075958 0.48874372243881226
785.6829838752747 0.48874372243881226
787.0586316585541 0.48874372243881226
788.3842132091522 0.48874372243881226
789.6375267505646 0.48874372243881226
790.9707577228546 0.48874372243881226
792.2702374458313 0.48874372243881226
793.4381096363068 0.48874372243881226
794.8296837806702 0.48874372243881226
796.0377779006958 0.48874372243881226
797.6522946357727 0.48874372243881226
799.0541281700134 0.48874372243881226
800.20312666893 0.48874372243881226
801.5548467636108 0.48874372243881226
802.808366060257 0.48874372243881226
804.4164917469025 0.48874372243881226
806.2484302520752 0.48874372243881226
807.5146946907043 0.48874372243881226
808.8000154495239 0.48874372243881226
810.1409077644348 0.48874372243881226
811.4767429828644 0.48874372243881226
813.137327671051 0.48874372243881226
814.8228070735931 0.48874372243881226
816.4573862552643 0.48874372243881226
817.9487745761871 0.48874372243881226
819.3060102462769 0.48874372243881226
820.9764263629913 0.48874372243881226
823.0353078842163 0.48874372243881226
825.24036860466 0.48874372243881226
826.9333350658417 0.48874372243881226
828.4993708133698 0.48874372243881226
829.5370030403137 0.48874372243881226
830.7697751522064 0.48874372243881226
831.9264078140259 0.48874372243881226
832.7856152057648 0.48874372243881226
833.8160469532013 0.48874372243881226
835.0255117416382 0.48874372243881226
836.031320810318 0.48874372243881226
837.7303898334503 0.48874372243881226
839.484231710434 0.48874372243881226
841.101066827774 0.48874372243881226
843.0740783214569 0.48874372243881226
844.9877071380615 0.48874372243881226
846.7495126724243 0.48874372243881226
848.1047480106354 0.48874372243881226
849.8487555980682 0.48874372243881226
851.3225011825562 0.48874372243881226
852.578174829483 0.48874372243881226
854.1020603179932 0.48874372243881226
855.5655813217163 0.48874372243881226
857.0359885692596 0.48874372243881226
858.8658239841461 0.48874372243881226
860.2388288974762 0.48874372243881226
861.6165084838867 0.48874372243881226
863.1512665748596 0.48874372243881226
864.5291628837585 0.48874372243881226
865.8416693210602 0.48874372243881226
867.457398891449 0.48874372243881226
868.7962219715118 0.48874372243881226
869.8271985054016 0.48874372243881226
870.9317471981049 0.48874372243881226
872.6557114124298 0.48355841636657715
875.3167705535889 0.48355841636657715
876.5893774032593 0.48355841636657715
877.8106126785278 0.48355841636657715
879.2829263210297 0.48355841636657715
880.6554174423218 0.48355841636657715
882.1229858398438 0.48355841636657715
884.4018487930298 0.48355841636657715
885.594809293747 0.48355841636657715
886.9329900741577 0.48355841636657715
888.7317578792572 0.48355841636657715
890.2444396018982 0.48355841636657715
892.4910380840302 0.48355841636657715
893.8852436542511 0.48355841636657715
895.3900928497314 0.48355841636657715
896.7746124267578 0.48355841636657715
898.1945853233337 0.48355841636657715
900.0773224830627 0.48355841636657715
902.5374693870544 0.48355841636657715
904.1722967624664 0.48355841636657715
906.333753824234 0.48355841636657715
908.2151374816895 0.48355841636657715
909.8125743865967 0.48355841636657715
911.9400582313538 0.48355841636657715
913.8135285377502 0.48355841636657715
915.6817743778229 0.48355841636657715
917.994490146637 0.48355841636657715
919.4621031284332 0.48355841636657715
920.8467855453491 0.48355841636657715
922.446008682251 0.48355841636657715
923.7158873081207 0.48355841636657715
924.6581697463989 0.48355841636657715
925.583464384079 0.48355841636657715
926.3545639514923 0.48355841636657715
927.2346653938293 0.48355841636657715
928.0391526222229 0.48355841636657715
929.0156297683716 0.48355841636657715
930.5678265094757 0.48355841636657715
931.7376618385315 0.48355841636657715
932.7759873867035 0.48355841636657715
934.8075172901154 0.48355841636657715
936.9969878196716 0.48355841636657715
939.4264287948608 0.48355841636657715
941.9281384944916 0.48355841636657715
944.3421986103058 0.48355841636657715
946.0157873630524 0.48355841636657715
947.3419427871704 0.48355841636657715
948.6179902553558 0.48355841636657715
950.9480888843536 0.48355841636657715
952.2002229690552 0.48355841636657715
953.2430760860443 0.48355841636657715
954.8005170822144 0.48355841636657715
956.6483998298645 0.48355841636657715
958.4777581691742 0.48355841636657715
960.4606912136078 0.48355841636657715
961.8901133537292 0.48355841636657715
963.3801565170288 0.48355841636657715
965.3484544754028 0.48355841636657715
967.2122521400452 0.48355841636657715
969.1344192028046 0.48355841636657715
971.0852816104889 0.48355841636657715
972.7531147003174 0.48355841636657715
974.3029758930206 0.48355841636657715
975.4946599006653 0.48355841636657715
977.1681914329529 0.48355841636657715
978.1256289482117 0.48355841636657715
979.370587348938 0.48355841636657715
980.2284135818481 0.48355841636657715
981.6497399806976 0.48355841636657715
983.2283110618591 0.48355841636657715
984.8267273902893 0.48355841636657715
986.2720293998718 0.48355841636657715
987.6942236423492 0.48355841636657715
989.0875387191772 0.48355841636657715
990.5161712169647 0.48355841636657715
992.032877445221 0.48355841636657715
993.4241979122162 0.48355841636657715
994.9384512901306 0.48355841636657715
996.910117149353 0.48355841636657715
998.5783967971802 0.48355841636657715
1000.0607907772064 0.48355841636657715
1001.6431527137756 0.48355841636657715
1003.2584040164948 0.48355841636657715
1005.4877851009369 0.48355841636657715
1007.0604782104492 0.48355841636657715
1008.3028185367584 0.48355841636657715
1009.8602252006531 0.48355841636657715
1011.4304065704346 0.48355841636657715
1013.5191044807434 0.48355841636657715
1015.4094288349152 0.48355841636657715
1017.3368210792542 0.48355841636657715
1019.0309634208679 0.48355841636657715
1020.3768584728241 0.48355841636657715
1022.0632090568542 0.48355841636657715
1024.2814373970032 0.48355841636657715
1026.0544624328613 0.48355841636657715
1027.0772318840027 0.48355841636657715
1028.1282243728638 0.48355841636657715
1028.8330514431 0.48355841636657715
1029.6538679599762 0.48355841636657715
1030.667513847351 0.48355841636657715
1031.7427110671997 0.48355841636657715
1032.8373773097992 0.48355841636657715
1033.9634289741516 0.48355841636657715
1034.94349527359 0.48355841636657715
1036.1596729755402 0.48355841636657715
1037.1746888160706 0.48355841636657715
1038.144451379776 0.48355841636657715
1039.2064888477325 0.48355841636657715
1040.2569580078125 0.48355841636657715
1041.3224358558655 0.48355841636657715
1042.555038690567 0.48355841636657715
1043.5447034835815 0.48355841636657715
1044.6485388278961 0.48355841636657715
1046.019727230072 0.48355841636657715
1046.8745112419128 0.48355841636657715
1048.2039592266083 0.48355841636657715
1049.079876422882 0.48355841636657715
1049.9291172027588 0.48355841636657715
1051.1700925827026 0.48355841636657715
1052.127836227417 0.48355841636657715
1053.645179271698 0.48355841636657715
1055.7036526203156 0.48355841636657715
1057.431027173996 0.48355841636657715
1059.165536403656 0.48355841636657715
1061.0903515815735 0.48355841636657715
1062.4802539348602 0.48355841636657715
1064.332676410675 0.48355841636657715
1066.0806577205658 0.48355841636657715
1067.4109001159668 0.48355841636657715
1069.0640382766724 0.48355841636657715
1070.3756716251373 0.48355841636657715
1072.543396949768 0.48355841636657715
1074.2800335884094 0.48355841636657715
1075.8100078105927 0.48355841636657715
1077.2727642059326 0.48355841636657715
1078.9080028533936 0.48355841636657715
1080.221878528595 0.48355841636657715
1081.7284274101257 0.48355841636657715
1083.130889415741 0.48355841636657715
1084.4561541080475 0.48355841636657715
1086.4346103668213 0.48355841636657715
1088.186317205429 0.48355841636657715
1089.907864332199 0.48355841636657715
1091.2735614776611 0.48355841636657715
1092.655476808548 0.48355841636657715
1094.182802438736 0.48355841636657715
1095.4676790237427 0.48355841636657715
1096.698497056961 0.48355841636657715
1098.0928494930267 0.48355841636657715
1099.213565826416 0.48355841636657715
1100.4333243370056 0.48355841636657715
1102.020052433014 0.48355841636657715
1103.0449016094208 0.48355841636657715
1104.2270650863647 0.48355841636657715
1105.4566855430603 0.48355841636657715
1107.4760377407074 0.48355841636657715
1109.4639537334442 0.48355841636657715
1110.7029116153717 0.48355841636657715
1112.088897228241 0.48355841636657715
1113.8933594226837 0.48355841636657715
1115.14355134964 0.48355841636657715
1116.842493057251 0.48355841636657715
1118.7330179214478 0.48355841636657715
1120.2877883911133 0.48355841636657715
1122.0625309944153 0.48355841636657715
1123.536983013153 0.48355841636657715
1124.7821426391602 0.48355841636657715
1126.2704136371613 0.48355841636657715
1127.9772794246674 0.48355841636657715
1129.3125700950623 0.48355841636657715
1130.8223941326141 0.48355841636657715
1132.478173494339 0.48355841636657715
1134.3465418815613 0.48355841636657715
1135.8246409893036 0.48355841636657715
1137.0566420555115 0.48355841636657715
1138.5648262500763 0.48355841636657715
1140.1584208011627 0.48355841636657715
1141.764395236969 0.48355841636657715
1143.5970313549042 0.48355841636657715
1145.9357290267944 0.48355841636657715
1147.7660238742828 0.48355841636657715
1149.8100771903992 0.48355841636657715
1151.05713224411 0.48355841636657715
1152.8890652656555 0.48355841636657715
1154.0940608978271 0.48355841636657715
1154.7544612884521 0.48355841636657715
1155.5779547691345 0.48355841636657715
1156.2893912792206 0.48355841636657715
1157.1613955497742 0.48355841636657715
1158.348958015442 0.48355841636657715
1159.3191103935242 0.48355841636657715
1160.5230391025543 0.48355841636657715
1161.7299990653992 0.48355841636657715
1163.3058233261108 0.48355841636657715
1164.9838371276855 0.48355841636657715
1166.634996175766 0.48355841636657715
1168.7745387554169 0.48355841636657715
1170.6674463748932 0.48355841636657715
1172.390166759491 0.48355841636657715
1173.9561221599579 0.48355841636657715
1175.8100771903992 0.48355841636657715
1177.4251568317413 0.48355841636657715
1179.46404504776 0.48355841636657715
1181.293042421341 0.48355841636657715
1183.4434888362885 0.48355841636657715
1185.351530790329 0.48355841636657715
1187.2129862308502 0.48355841636657715
1189.2172017097473 0.48355841636657715
1190.8311793804169 0.48355841636657715
1192.6860492229462 0.48355841636657715
1194.1391541957855 0.48355841636657715
1195.824500799179 0.48355841636657715
1197.397161245346 0.48355841636657715
1199.4119079113007 0.48355841636657715
1201.0880119800568 0.48355841636657715
1202.4034323692322 0.48355841636657715
1203.8624830245972 0.48355841636657715
1205.0866804122925 0.48355841636657715
1206.3244853019714 0.48355841636657715
1207.9192016124725 0.48355841636657715
1209.0290024280548 0.48355841636657715
1210.7095789909363 0.48355841636657715
1212.7138121128082 0.48355841636657715
1214.4199905395508 0.48355841636657715
1215.8578042984009 0.48355841636657715
1217.5238289833069 0.48355841636657715
1219.4177231788635 0.48355841636657715
1221.449018239975 0.48355841636657715
1223.8487980365753 0.48355841636657715
1225.5589425563812 0.48355841636657715
1227.2380464076996 0.48355841636657715
1228.6420347690582 0.48355841636657715
1230.1178302764893 0.48355841636657715
1231.8224217891693 0.48355841636657715
1233.5886657238007 0.48355841636657715
1235.6093294620514 0.48355841636657715
1237.4140498638153 0.48355841636657715
1238.6143367290497 0.48355841636657715
1240.2293360233307 0.48355841636657715
1241.4845445156097 0.48355841636657715
1243.1054277420044 0.48355841636657715
1245.2143032550812 0.48355841636657715
1246.9973685741425 0.48355841636657715
1249.027532339096 0.48355841636657715
1249.9670853614807 0.48355841636657715
1251.0150520801544 0.48355841636657715
1252.9492173194885 0.48355841636657715
1254.60244846344 0.48355841636657715
1255.9467997550964 0.48355841636657715
1257.4511377811432 0.48355841636657715
1258.8563170433044 0.48355841636657715
1260.173858165741 0.48355841636657715
1261.749683856964 0.48355841636657715
1263.1384518146515 0.48355841636657715
1264.9904255867004 0.48355841636657715
1266.5530006885529 0.48355841636657715
1268.0912873744965 0.48355841636657715
1269.9469957351685 0.48355841636657715
1271.486085176468 0.48355841636657715
1272.8327012062073 0.48355841636657715
1274.7665622234344 0.48355841636657715
1276.3208487033844 0.48355841636657715
1277.7675585746765 0.48355841636657715
1279.211215019226 0.48355841636657715
1280.5791623592377 0.48355841636657715
1282.8991646766663 0.48355841636657715
1284.9476656913757 0.48355841636657715
1286.3348684310913 0.48355841636657715
1288.062985420227 0.48355841636657715
1289.854793548584 0.48355841636657715
1291.264520406723 0.48355841636657715
1292.9644649028778 0.48355841636657715
1294.433921098709 0.48355841636657715
1296.159829378128 0.48355841636657715
1297.9144682884216 0.48355841636657715
1299.53342461586 0.48355841636657715
1301.1490969657898 0.48355841636657715
1302.692931175232 0.48355841636657715
1304.4376301765442 0.48355841636657715
1305.9570972919464 0.48355841636657715
1307.513197183609 0.48355841636657715
1308.7472085952759 0.48355841636657715
1310.281626701355 0.48355841636657715
1311.6982865333557 0.48355841636657715
1313.3670225143433 0.48355841636657715
1314.8464143276215 0.48355841636657715
1316.0999310016632 0.48355841636657715
1317.6775426864624 0.48355841636657715
1318.9266002178192 0.48355841636657715
1320.080006122589 0.48355841636657715
1321.6856865882874 0.48355841636657715
1323.2542748451233 0.48355841636657715
1324.8439140319824 0.48355841636657715
1326.0734288692474 0.48355841636657715
1327.8693709373474 0.48355841636657715
1330.1290531158447 0.48355841636657715
1332.1346979141235 0.48355841636657715
1333.1247155666351 0.48355841636657715
1334.4701113700867 0.48355841636657715
1335.8456583023071 0.48355841636657715
1336.9737620353699 0.48355841636657715
1339.332644701004 0.48355841636657715
1340.702345609665 0.48355841636657715
1342.1207013130188 0.48355841636657715
1343.3367130756378 0.48355841636657715
1344.5946686267853 0.48355841636657715
1346.0658395290375 0.48355841636657715
1347.4000308513641 0.48355841636657715
1348.6933681964874 0.48355841636657715
1350.1677513122559 0.48355841636657715
1351.497406721115 0.48355841636657715
1352.6689977645874 0.48355841636657715
1354.0668330192566 0.48355841636657715
1355.382708787918 0.48355841636657715
1356.9744486808777 0.48355841636657715
1358.4812338352203 0.48355841636657715
1360.0965967178345 0.48355841636657715
1361.2355625629425 0.48355841636657715
1362.5098133087158 0.48355841636657715
1363.7904143333435 0.48355841636657715
1365.2217285633087 0.48355841636657715
1366.5203070640564 0.48355841636657715
1367.8641233444214 0.48355841636657715
1369.1830413341522 0.48355841636657715
1370.4958698749542 0.48355841636657715
1372.0306825637817 0.48355841636657715
1373.305253982544 0.48355841636657715
1374.4664251804352 0.48355841636657715
1376.1757748126984 0.48355841636657715
1377.3965198993683 0.48355841636657715
1378.6854057312012 0.48355841636657715
1380.0787131786346 0.48355841636657715
1381.3541150093079 0.48355841636657715
1382.711143732071 0.48355841636657715
1383.7491104602814 0.48355841636657715
1384.7613971233368 0.48355841636657715
1385.9066700935364 0.48355841636657715
1386.8110105991364 0.48355841636657715
1387.9441044330597 0.48355841636657715
1389.0744261741638 0.48355841636657715
1390.2042770385742 0.48355841636657715
1391.4973423480988 0.48355841636657715
1392.7908744812012 0.48355841636657715
1394.4067203998566 0.48355841636657715
1396.691443681717 0.48355841636657715
1398.6805016994476 0.48355841636657715
1400.6204540729523 0.48355841636657715
1402.764885187149 0.48355841636657715
1404.6965334415436 0.48355841636657715
1406.6860673427582 0.48355841636657715
1408.3990087509155 0.48355841636657715
1409.9373288154602 0.48355841636657715
1412.1106235980988 0.48355841636657715
1414.5432178974152 0.48355841636657715
1416.8214008808136 0.48355841636657715
1419.234186887741 0.48355841636657715
1421.490662097931 0.48355841636657715
1423.0330975055695 0.48355841636657715
1425.3414793014526 0.48355841636657715
1426.5898170471191 0.48355841636657715
1427.7486834526062 0.48355841636657715
1429.2967176437378 0.48355841636657715
1430.8845164775848 0.48355841636657715
1432.3396272659302 0.48355841636657715
1433.6481790542603 0.48355841636657715
1434.8734395503998 0.48355841636657715
1436.2788650989532 0.48355841636657715
1437.314398765564 0.48355841636657715
1438.1901881694794 0.48355841636657715
1439.3122584819794 0.48355841636657715
1440.354479789734 0.48355841636657715
1441.2063298225403 0.48355841636657715
1442.3678495883942 0.48355841636657715
1443.526215314865 0.48355841636657715
1444.9795598983765 0.48355841636657715
1446.5912685394287 0.48355841636657715
1448.504268169403 0.48355841636657715
1450.0635957717896 0.48355841636657715
1451.5825562477112 0.48355841636657715
1453.037155866623 0.48355841636657715
1454.7960109710693 0.48355841636657715
1456.3680555820465 0.48355841636657715
1457.6903276443481 0.48355841636657715
1459.3793528079987 0.48355841636657715
1460.7829849720001 0.48355841636657715
1462.550143480301 0.48355841636657715
1464.0028913021088 0.48355841636657715
1465.2915441989899 0.48355841636657715
1466.9214260578156 0.48355841636657715
1468.3631677627563 0.48355841636657715
1469.8790736198425 0.48355841636657715
1471.3241293430328 0.48355841636657715
1472.9643096923828 0.48355841636657715
1474.2910244464874 0.48355841636657715
1475.910917520523 0.48355841636657715
1477.2884726524353 0.48355841636657715
1478.9587190151215 0.48355841636657715
1480.8887429237366 0.48355841636657715
1482.3196856975555 0.48355841636657715
1483.9290461540222 0.48355841636657715
1485.3471686840057 0.48355841636657715
1486.6597583293915 0.48355841636657715
1488.2624065876007 0.48355841636657715
1489.819829940796 0.48355841636657715
1491.6702330112457 0.48355841636657715
1493.2222290039062 0.48355841636657715
1494.8170928955078 0.48355841636657715
1496.6008253097534 0.48355841636657715
1498.3737633228302 0.48355841636657715
1499.5505948066711 0.48355841636657715
1501.3752310276031 0.48355841636657715
1502.724988937378 0.48355841636657715
1504.1703505516052 0.48355841636657715
1505.7436180114746 0.48355841636657715
1507.1335136890411 0.48355841636657715
1508.7548670768738 0.48355841636657715
1510.449708223343 0.48355841636657715
1511.9265744686127 0.48355841636657715
1513.589557647705 0.48355841636657715
1514.8606162071228 0.48355841636657715
1516.274244070053 0.48355841636657715
1517.527898311615 0.48355841636657715
1518.3445076942444 0.48355841636657715
1519.1032128334045 0.48355841636657715
1520.5900349617004 0.48355841636657715
1522.0724120140076 0.48355841636657715
1524.3626914024353 0.48355841636657715
1526.3930501937866 0.48355841636657715
1528.0232000350952 0.48355841636657715
1529.8520407676697 0.48355841636657715
1531.6462948322296 0.48355841636657715
1533.4468729496002 0.48355841636657715
1534.9409627914429 0.48355841636657715
