1.6055402755737305 0.6251697540283203
3.2233710289001465 0.5416666865348816
4.788522005081177 0.5157858729362488
6.231029033660889 0.5157858729362488
7.598633766174316 0.5138620734214783
9.417959213256836 0.5138620734214783
10.810083150863647 0.5138620734214783
12.490676641464233 0.5138620734214783
14.419427871704102 0.5138620734214783
15.964500665664673 0.5061691403388977
17.13513469696045 0.5061691403388977
17.93872594833374 0.5061691403388977
18.95160174369812 0.5061691403388977
21.407073974609375 0.5061060786247253
22.7836594581604 0.5061060786247253
24.051209926605225 0.5061060786247253
25.176652193069458 0.5061060786247253
26.108635663986206 0.5061060786247253
26.883188486099243 0.5061060786247253
27.928998947143555 0.5061060786247253
28.836352825164795 0.5061060786247253
29.79844355583191 0.5061060786247253
30.65850019454956 0.5061060786247253
31.487881660461426 0.5061060786247253
32.46756720542908 0.5061060786247253
33.62825846672058 0.5061060786247253
34.867311000823975 0.5061060786247253
36.5263991355896 0.5061060786247253
37.99709510803223 0.5061060786247253
39.159696102142334 0.5061060786247253
40.74597358703613 0.5061060786247253
42.169572830200195 0.5061060786247253
43.88328838348389 0.5061060786247253
44.730708599090576 0.5061060786247253
45.74158835411072 0.5061060786247253
46.865299463272095 0.5061060786247253
47.89419651031494 0.5061060786247253
48.831594705581665 0.5061060786247253
50.364495038986206 0.5061060786247253
51.99100661277771 0.5061060786247253
53.681041955947876 0.5061060786247253
55.06792187690735 0.5061060786247253
56.68487286567688 0.5061060786247253
58.349605560302734 0.5061060786247253
59.96364116668701 0.5061060786247253
61.769368410110474 0.5061060786247253
63.35948634147644 0.5056645274162292
65.01010155677795 0.5056645274162292
66.24245285987854 0.5056645274162292
67.78744506835938 0.5056645274162292
69.07594156265259 0.5056645274162292
70.7240788936615 0.5056645274162292
72.02163243293762 0.5056645274162292
73.37831521034241 0.5056645274162292
75.0431649684906 0.5056645274162292
76.51915097236633 0.5056645274162292
77.94827795028687 0.5056645274162292
79.98930025100708 0.5056645274162292
81.80879831314087 0.5056645274162292
83.23991465568542 0.5056645274162292
85.05070924758911 0.5056645274162292
86.95290756225586 0.4938543438911438
88.20088291168213 0.4938543438911438
88.98084950447083 0.4938543438911438
89.55564570426941 0.4938543438911438
90.45282673835754 0.4938543438911438
91.30357003211975 0.4938543438911438
92.15567445755005 0.4938543438911438
93.602942943573 0.4938543438911438
94.97424578666687 0.4938543438911438
96.50140357017517 0.4938543438911438
97.93358492851257 0.4938543438911438
99.35480618476868 0.4938543438911438
101.08766293525696 0.4938543438911438
102.41295313835144 0.4938543438911438
103.7904121875763 0.4938543438911438
105.23042154312134 0.4938543438911438
106.9008047580719 0.4938543438911438
108.525461435318 0.4938543438911438
110.01624178886414 0.4938543438911438
111.22495889663696 0.4938543438911438
113.11301302909851 0.4938543438911438
114.55012059211731 0.4938543438911438
116.04702997207642 0.4938543438911438
117.81695818901062 0.4938543438911438
119.06912088394165 0.4938543438911438
120.48411273956299 0.4938543438911438
122.41364026069641 0.4938543438911438
123.83345770835876 0.4938543438911438
125.5116662979126 0.4938543438911438
127.20896553993225 0.4938543438911438
128.9015817642212 0.4938543438911438
130.4985237121582 0.4938543438911438
131.85767769813538 0.4938543438911438
132.7160565853119 0.4938543438911438
133.42481517791748 0.4938543438911438
134.03154373168945 0.4938543438911438
134.63864660263062 0.4938543438911438
135.8890495300293 0.4938543438911438
137.36826968193054 0.4938543438911438
138.78474712371826 0.4938543438911438
140.15496587753296 0.4938543438911438
141.40578436851501 0.4938543438911438
143.22261929512024 0.4938543438911438
144.55518531799316 0.4938543438911438
145.86293649673462 0.4938543438911438
147.4462239742279 0.4938543438911438
148.92756748199463 0.4938543438911438
150.2922558784485 0.4938543438911438
151.82585549354553 0.4938543438911438
153.12132930755615 0.4938543438911438
155.12056803703308 0.4938543438911438
156.6285319328308 0.4938543438911438
158.06483578681946 0.4938543438911438
159.59214973449707 0.4938543438911438
161.060852766037 0.4938543438911438
162.35658359527588 0.4938543438911438
163.9136939048767 0.4938543438911438
165.2611722946167 0.4938543438911438
166.50087332725525 0.4938543438911438
168.05366730690002 0.4938543438911438
169.60001826286316 0.4938543438911438
170.90817189216614 0.4938543438911438
172.43410110473633 0.4938543438911438
173.9248490333557 0.4938543438911438
175.6762797832489 0.4938543438911438
177.10689306259155 0.4938543438911438
178.3655126094818 0.4938543438911438
179.9652578830719 0.4938543438911438
181.16748237609863 0.4938543438911438
182.45426297187805 0.4938543438911438
184.07240891456604 0.4938543438911438
185.34084129333496 0.4938543438911438
187.03148293495178 0.4938543438911438
188.45591282844543 0.4938543438911438
189.73743629455566 0.4938543438911438
191.42662048339844 0.4938543438911438
192.70384788513184 0.4938543438911438
194.0435175895691 0.4938543438911438
195.36576747894287 0.4938543438911438
196.86028146743774 0.4938543438911438
198.68742156028748 0.4938543438911438
200.23849487304688 0.4938543438911438
201.75468277931213 0.4938543438911438
203.6568775177002 0.4938543438911438
205.03710985183716 0.4938543438911438
206.73437213897705 0.4938543438911438
208.2358992099762 0.4938543438911438
209.14334201812744 0.4938543438911438
209.9980936050415 0.4938543438911438
211.41862106323242 0.4938543438911438
212.74025416374207 0.4938543438911438
214.50751185417175 0.4938543438911438
216.0304253101349 0.4938543438911438
217.26454615592957 0.4938543438911438
219.31328916549683 0.4938543438911438
220.93149399757385 0.4938543438911438
222.39285683631897 0.4938543438911438
224.41198897361755 0.4938543438911438
226.059401512146 0.4938543438911438
227.5070424079895 0.4938543438911438
228.54448437690735 0.4938543438911438
229.39526510238647 0.4938543438911438
230.6182041168213 0.4938543438911438
231.9472954273224 0.4938543438911438
233.4308156967163 0.4938543438911438
235.12627458572388 0.4938543438911438
236.44151544570923 0.4938543438911438
238.03337788581848 0.4938543438911438
239.93805408477783 0.4938543438911438
241.24347639083862 0.4938543438911438
243.17088866233826 0.4938543438911438
244.62266969680786 0.4938543438911438
246.24404788017273 0.4938543438911438
247.9658284187317 0.4938543438911438
249.2516965866089 0.4938543438911438
250.12810158729553 0.4938543438911438
251.4119713306427 0.4938543438911438
252.56767582893372 0.4938543438911438
253.70273804664612 0.4938543438911438
255.18744564056396 0.4938543438911438
256.8139102458954 0.4938543438911438
258.41843342781067 0.4938543438911438
260.20993542671204 0.4938543438911438
261.9380760192871 0.4938543438911438
264.19783782958984 0.4938543438911438
265.8626527786255 0.4938543438911438
267.2232162952423 0.4938543438911438
269.0794448852539 0.4938543438911438
270.58924770355225 0.4938543438911438
272.0116693973541 0.4938543438911438
273.557142496109 0.4938543438911438
274.87914299964905 0.4938543438911438
276.8191556930542 0.4938543438911438
278.3391184806824 0.4938543438911438
279.7452051639557 0.4938543438911438
281.32315397262573 0.4938543438911438
282.7702519893646 0.4920720160007477
284.0891366004944 0.4920720160007477
285.6848747730255 0.4920720160007477
287.1053593158722 0.4920720160007477
288.61032342910767 0.4920720160007477
289.88947439193726 0.4920720160007477
290.88898515701294 0.4920720160007477
292.03615283966064 0.4920720160007477
292.8904218673706 0.4920720160007477
293.68914914131165 0.4920720160007477
294.56195306777954 0.4920720160007477
295.87141704559326 0.4920720160007477
297.5685441493988 0.4920720160007477
299.63161611557007 0.4920720160007477
301.1481308937073 0.4920720160007477
302.6566524505615 0.4920720160007477
304.2110290527344 0.49053075909614563
305.9424262046814 0.49053075909614563
307.91851782798767 0.49053075909614563
309.3291482925415 0.49053075909614563
310.5823001861572 0.49053075909614563
312.2509968280792 0.49053075909614563
313.804399728775 0.49053075909614563
315.20562386512756 0.49053075909614563
317.1768567562103 0.49053075909614563
318.4905068874359 0.49053075909614563
320.4966359138489 0.49053075909614563
321.9884338378906 0.49053075909614563
323.2726559638977 0.49053075909614563
324.62809324264526 0.49053075909614563
326.0747084617615 0.49053075909614563
327.9040198326111 0.49053075909614563
329.2245614528656 0.49053075909614563
330.0493469238281 0.49053075909614563
330.8206207752228 0.49053075909614563
331.75524282455444 0.49053075909614563
332.79563164711 0.49053075909614563
333.7331564426422 0.49053075909614563
334.5947148799896 0.49053075909614563
335.7341570854187 0.49053075909614563
336.8528151512146 0.49053075909614563
337.98263907432556 0.49053075909614563
338.73724818229675 0.49053075909614563
339.6471061706543 0.49053075909614563
340.42763209342957 0.49053075909614563
341.3866240978241 0.49053075909614563
342.243195772171 0.49053075909614563
343.2900550365448 0.49053075909614563
344.807909488678 0.49053075909614563
346.38895320892334 0.49053075909614563
348.0892872810364 0.49053075909614563
349.77679347991943 0.49053075909614563
351.17896842956543 0.49053075909614563
352.4556303024292 0.49053075909614563
353.9883906841278 0.49053075909614563
355.29341673851013 0.49053075909614563
356.7646999359131 0.49053075909614563
358.1414759159088 0.49053075909614563
359.506489276886 0.49053075909614563
361.21211338043213 0.49053075909614563
362.49325942993164 0.49053075909614563
363.75502920150757 0.49053075909614563
365.18414330482483 0.49053075909614563
366.67829942703247 0.49053075909614563
367.9860420227051 0.49053075909614563
369.39179253578186 0.49053075909614563
371.0478456020355 0.49053075909614563
372.777316570282 0.49053075909614563
373.9417462348938 0.49053075909614563
374.8439898490906 0.49053075909614563
376.42108249664307 0.49053075909614563
377.87020230293274 0.49053075909614563
379.1565408706665 0.49053075909614563
380.98241233825684 0.49053075909614563
382.4828531742096 0.49053075909614563
383.68615770339966 0.49053075909614563
385.3416278362274 0.49053075909614563
386.63410449028015 0.49053075909614563
388.3768718242645 0.49053075909614563
389.7484722137451 0.49053075909614563
391.10091829299927 0.49053075909614563
392.7949163913727 0.49053075909614563
394.3237454891205 0.49053075909614563
395.7513756752014 0.49053075909614563
397.3069407939911 0.49053075909614563
398.54649686813354 0.49053075909614563
400.0401043891907 0.49053075909614563
401.57315826416016 0.49053075909614563
403.003112077713 0.49053075909614563
404.0107831954956 0.49053075909614563
405.24519419670105 0.49053075909614563
406.7804641723633 0.49053075909614563
408.4659969806671 0.49053075909614563
409.91707968711853 0.49053075909614563
411.10249519348145 0.49053075909614563
412.87199568748474 0.49053075909614563
414.51730012893677 0.49053075909614563
416.1696376800537 0.49053075909614563
417.8155152797699 0.49053075909614563
419.06797552108765 0.49053075909614563
420.5965983867645 0.49053075909614563
422.0355007648468 0.49053075909614563
423.65329241752625 0.49053075909614563
424.9316132068634 0.49053075909614563
426.19444942474365 0.49053075909614563
427.49550890922546 0.49053075909614563
429.1103081703186 0.49053075909614563
430.4497425556183 0.49053075909614563
431.8985137939453 0.49053075909614563
433.2517478466034 0.49053075909614563
434.5435049533844 0.49053075909614563
436.1913502216339 0.49053075909614563
437.47707891464233 0.49053075909614563
438.96840381622314 0.49053075909614563
440.58312153816223 0.49053075909614563
442.2574951648712 0.49053075909614563
444.2166407108307 0.49053075909614563
445.97242641448975 0.49053075909614563
447.4919171333313 0.49053075909614563
449.28294682502747 0.49053075909614563
450.0611243247986 0.49053075909614563
450.73919200897217 0.49053075909614563
452.4029676914215 0.49053075909614563
453.99335765838623 0.49053075909614563
455.5413484573364 0.49053075909614563
457.17543745040894 0.49053075909614563
458.86650347709656 0.49053075909614563
460.5907173156738 0.49053075909614563
462.3721389770508 0.49053075909614563
463.7648661136627 0.49053075909614563
465.72042322158813 0.49053075909614563
466.94317173957825 0.49053075909614563
468.70251750946045 0.49053075909614563
470.66989159584045 0.49053075909614563
472.3408443927765 0.49053075909614563
474.02735328674316 0.49053075909614563
475.83542132377625 0.49053075909614563
477.26917695999146 0.49053075909614563
479.0191626548767 0.49053075909614563
480.60507559776306 0.49053075909614563
482.1993007659912 0.49053075909614563
483.83641362190247 0.49053075909614563
485.19103932380676 0.49053075909614563
486.538281917572 0.49053075909614563
488.1376597881317 0.49053075909614563
489.63820147514343 0.49053075909614563
491.1946904659271 0.49053075909614563
492.7485694885254 0.49053075909614563
494.2568008899689 0.49053075909614563
495.7546851634979 0.49053075909614563
497.02351808547974 0.49053075909614563
498.33249068260193 0.49053075909614563
499.8959128856659 0.49053075909614563
501.367840051651 0.49053075909614563
502.45461344718933 0.49053075909614563
503.7575647830963 0.49053075909614563
506.1099350452423 0.49053075909614563
507.78996562957764 0.49053075909614563
508.9686164855957 0.49053075909614563
510.12803983688354 0.49053075909614563
511.73800778388977 0.49053075909614563
513.0612404346466 0.49053075909614563
514.3423302173615 0.49053075909614563
515.8755009174347 0.49053075909614563
517.5244524478912 0.49053075909614563
519.1670005321503 0.49053075909614563
520.6536283493042 0.49053075909614563
522.0096523761749 0.49053075909614563
523.5498077869415 0.49053075909614563
525.0464518070221 0.49053075909614563
526.34712433815 0.49053075909614563
527.800096988678 0.49053075909614563
529.2575104236603 0.49053075909614563
530.4867053031921 0.49053075909614563
531.8244626522064 0.49053075909614563
533.0037155151367 0.49053075909614563
533.6986713409424 0.49053075909614563
535.008936882019 0.49053075909614563
536.4991583824158 0.49053075909614563
538.4058873653412 0.49053075909614563
539.8167090415955 0.49053075909614563
541.1843526363373 0.49053075909614563
542.6820161342621 0.49053075909614563
544.1126642227173 0.49053075909614563
545.4632918834686 0.49053075909614563
547.1206579208374 0.49053075909614563
548.9125573635101 0.49053075909614563
551.0351371765137 0.49053075909614563
552.0721862316132 0.49053075909614563
553.0838403701782 0.49053075909614563
554.1071841716766 0.49053075909614563
554.9407086372375 0.49053075909614563
555.7086539268494 0.49053075909614563
556.6230981349945 0.49053075909614563
557.4547746181488 0.49053075909614563
558.2386543750763 0.49053075909614563
559.7509474754333 0.49053075909614563
561.1055600643158 0.49053075909614563
562.9497413635254 0.49053075909614563
564.8266041278839 0.49053075909614563
566.2841806411743 0.49053075909614563
567.571905374527 0.49053075909614563
569.1875681877136 0.49053075909614563
570.7594523429871 0.49053075909614563
572.5156400203705 0.49053075909614563
573.9265072345734 0.49053075909614563
575.0765719413757 0.49053075909614563
576.9232618808746 0.49053075909614563
578.472903251648 0.49053075909614563
580.1041707992554 0.49053075909614563
581.4815907478333 0.49053075909614563
582.922473192215 0.49053075909614563
584.497549533844 0.49053075909614563
585.9338908195496 0.49053075909614563
587.1671068668365 0.49053075909614563
588.5643031597137 0.49053075909614563
589.7176582813263 0.49053075909614563
591.3226082324982 0.49053075909614563
593.1523597240448 0.49053075909614563
594.6216640472412 0.49053075909614563
596.0524516105652 0.49053075909614563
597.2463507652283 0.49053075909614563
598.600652217865 0.49053075909614563
600.1260197162628 0.49053075909614563
601.4899067878723 0.49053075909614563
603.5465264320374 0.49053075909614563
605.2333333492279 0.49053075909614563
606.5792510509491 0.49053075909614563
608.1947867870331 0.49053075909614563
609.5232038497925 0.49053075909614563
610.6791129112244 0.49053075909614563
612.070953130722 0.49053075909614563
613.3873202800751 0.49053075909614563
614.6822414398193 0.49053075909614563
616.0253448486328 0.49053075909614563
617.718864440918 0.49053075909614563
619.0993375778198 0.49053075909614563
620.6236510276794 0.49053075909614563
622.1909177303314 0.49053075909614563
623.7650315761566 0.49053075909614563
625.4082794189453 0.49053075909614563
626.9042294025421 0.49053075909614563
628.2512903213501 0.49053075909614563
629.7211399078369 0.49053075909614563
631.4705095291138 0.49053075909614563
633.6974673271179 0.49053075909614563
635.2755513191223 0.49053075909614563
637.0863063335419 0.49053075909614563
638.7915630340576 0.49053075909614563
640.0424687862396 0.49053075909614563
641.8158988952637 0.49053075909614563
643.2228598594666 0.49053075909614563
644.5997803211212 0.49053075909614563
646.1125576496124 0.49053075909614563
647.5891263484955 0.49053075909614563
648.4257600307465 0.49053075909614563
649.740067243576 0.49053075909614563
651.2315487861633 0.49053075909614563
652.5908427238464 0.49053075909614563
654.281200170517 0.49053075909614563
655.6564657688141 0.49053075909614563
657.1902227401733 0.49053075909614563
658.6069583892822 0.49053075909614563
659.9091191291809 0.49053075909614563
661.4603729248047 0.49053075909614563
662.9716217517853 0.49053075909614563
664.4712498188019 0.49053075909614563
665.8488364219666 0.49053075909614563
667.3657784461975 0.49053075909614563
668.8593208789825 0.49053075909614563
670.1061763763428 0.49053075909614563
671.1855628490448 0.49053075909614563
672.644054889679 0.49053075909614563
674.2905068397522 0.49053075909614563
675.8336589336395 0.49053075909614563
677.3665602207184 0.49053075909614563
678.8998780250549 0.49053075909614563
680.2319400310516 0.49053075909614563
681.863284111023 0.49053075909614563
683.2362532615662 0.49053075909614563
684.7783582210541 0.49053075909614563
686.3573904037476 0.49053075909614563
687.854560136795 0.49053075909614563
689.4632759094238 0.49053075909614563
691.0078706741333 0.49053075909614563
692.0469281673431 0.49053075909614563
693.1443634033203 0.49053075909614563
694.4966976642609 0.49053075909614563
696.4884691238403 0.49053075909614563
698.2028765678406 0.49053075909614563
699.5479152202606 0.49053075909614563
701.2857384681702 0.49053075909614563
702.6593873500824 0.49053075909614563
703.9888753890991 0.49053075909614563
705.5845212936401 0.49053075909614563
707.0621557235718 0.49053075909614563
708.6598620414734 0.49053075909614563
710.6643233299255 0.49053075909614563
712.0301260948181 0.49053075909614563
713.7583174705505 0.49053075909614563
715.1015808582306 0.49053075909614563
716.6969931125641 0.49053075909614563
718.4907221794128 0.49053075909614563
719.948609828949 0.49053075909614563
721.4718172550201 0.49053075909614563
722.8663139343262 0.49053075909614563
724.0784997940063 0.49053075909614563
725.4233629703522 0.49053075909614563
726.797943353653 0.49053075909614563
728.0890786647797 0.49053075909614563
729.4100260734558 0.49053075909614563
730.775265455246 0.49053075909614563
732.1476490497589 0.49053075909614563
733.9686152935028 0.49053075909614563
735.3056607246399 0.49053075909614563
736.6116592884064 0.49053075909614563
738.4300625324249 0.49053075909614563
739.9381895065308 0.49053075909614563
741.938010931015 0.49053075909614563
743.5836088657379 0.49053075909614563
744.9464266300201 0.49053075909614563
747.0087733268738 0.49053075909614563
748.7019410133362 0.49053075909614563
750.3944835662842 0.49053075909614563
752.3062477111816 0.49053075909614563
753.9124753475189 0.49053075909614563
755.5161299705505 0.49053075909614563
757.4974188804626 0.49053075909614563
758.5814957618713 0.49053075909614563
759.3295464515686 0.49053075909614563
759.9392805099487 0.49053075909614563
760.5820164680481 0.49053075909614563
761.3150930404663 0.49053075909614563
761.9232468605042 0.49053075909614563
762.5204448699951 0.49053075909614563
763.8287084102631 0.49053075909614563
765.3656480312347 0.49053075909614563
766.7907745838165 0.49053075909614563
768.468337059021 0.49053075909614563
769.9557428359985 0.49053075909614563
771.5889527797699 0.49053075909614563
773.0302329063416 0.49053075909614563
774.4229991436005 0.49053075909614563
775.903068780899 0.49053075909614563
777.2088444232941 0.49053075909614563
778.4782800674438 0.49053075909614563
780.1896634101868 0.49053075909614563
781.4496638774872 0.49053075909614563
782.7951068878174 0.49053075909614563
784.5654213428497 0.49053075909614563
786.1432576179504 0.49053075909614563
788.0204496383667 0.49053075909614563
789.4919726848602 0.49053075909614563
791.1861886978149 0.49053075909614563
792.6230192184448 0.49053075909614563
794.0029172897339 0.49053075909614563
795.2965023517609 0.49053075909614563
796.7481732368469 0.49053075909614563
798.0891401767731 0.49053075909614563
799.816383600235 0.49053075909614563
801.4720590114594 0.49053075909614563
802.7607216835022 0.49053075909614563
804.3947188854218 0.49053075909614563
805.9675207138062 0.49053075909614563
807.3370885848999 0.49053075909614563
808.6573460102081 0.49053075909614563
809.2672288417816 0.49053075909614563
810.344488620758 0.49053075909614563
811.7921071052551 0.49053075909614563
813.198588848114 0.49053075909614563
814.846444606781 0.49053075909614563
816.3296828269958 0.49053075909614563
817.5431814193726 0.49053075909614563
819.0810976028442 0.49053075909614563
820.362664937973 0.49053075909614563
821.704154253006 0.49053075909614563
823.5516233444214 0.49053075909614563
824.8401906490326 0.49053075909614563
825.9953780174255 0.49053075909614563
827.3630192279816 0.49053075909614563
828.6296665668488 0.49053075909614563
830.1596639156342 0.49053075909614563
831.6047737598419 0.49053075909614563
832.9000482559204 0.49053075909614563
834.3911516666412 0.49053075909614563
835.8273785114288 0.49053075909614563
837.2711594104767 0.49053075909614563
839.221355676651 0.49053075909614563
840.7628545761108 0.49053075909614563
842.3543338775635 0.49053075909614563
843.7648675441742 0.49053075909614563
845.6020619869232 0.49053075909614563
846.9923751354218 0.49053075909614563
848.2560651302338 0.49053075909614563
849.4240951538086 0.49053075909614563
850.9128987789154 0.49053075909614563
852.8160326480865 0.49053075909614563
854.5455090999603 0.49053075909614563
855.520405292511 0.49053075909614563
856.4277122020721 0.49053075909614563
857.5965850353241 0.49053075909614563
858.5656049251556 0.49053075909614563
859.5021567344666 0.49053075909614563
860.490576505661 0.49053075909614563
861.3925786018372 0.49053075909614563
863.1802034378052 0.49053075909614563
865.4571290016174 0.49053075909614563
866.8235242366791 0.49053075909614563
868.1397321224213 0.49053075909614563
869.5262155532837 0.49053075909614563
870.9648551940918 0.49053075909614563
872.4035441875458 0.49053075909614563
873.7369878292084 0.49053075909614563
875.2238364219666 0.49053075909614563
876.6965527534485 0.49053075909614563
878.4266202449799 0.49053075909614563
879.5992984771729 0.49053075909614563
881.4720754623413 0.49053075909614563
882.943065404892 0.49053075909614563
884.4417543411255 0.49053075909614563
886.2983953952789 0.49053075909614563
887.9853115081787 0.49053075909614563
889.5393905639648 0.49053075909614563
890.7000889778137 0.49053075909614563
891.9246473312378 0.49053075909614563
893.3043291568756 0.49053075909614563
894.6289837360382 0.49053075909614563
895.8533601760864 0.49053075909614563
897.2870707511902 0.49053075909614563
898.957572221756 0.49053075909614563
900.6980862617493 0.49053075909614563
902.304526090622 0.49053075909614563
903.6747999191284 0.49053075909614563
905.3344464302063 0.49053075909614563
906.0928146839142 0.49053075909614563
906.9438621997833 0.49053075909614563
907.971893787384 0.49053075909614563
908.9040887355804 0.49053075909614563
910.1890950202942 0.49053075909614563
911.7052013874054 0.49053075909614563
913.050454378128 0.49053075909614563
914.478741645813 0.49053075909614563
915.7705109119415 0.49053075909614563
917.2369918823242 0.49053075909614563
919.173045873642 0.49053075909614563
920.5427446365356 0.49053075909614563
921.8309185504913 0.49053075909614563
923.9223506450653 0.49053075909614563
925.0906028747559 0.49053075909614563
926.1373376846313 0.49053075909614563
927.4467198848724 0.49053075909614563
928.7042226791382 0.49053075909614563
930.7456684112549 0.49053075909614563
932.3508584499359 0.49053075909614563
933.8079538345337 0.49053075909614563
935.5021750926971 0.49053075909614563
937.587753534317 0.49053075909614563
938.9865455627441 0.49053075909614563
940.3531649112701 0.49053075909614563
941.9713866710663 0.49053075909614563
943.7353122234344 0.49053075909614563
945.4190995693207 0.49053075909614563
946.9101116657257 0.49053075909614563
948.7951245307922 0.49053075909614563
950.6847498416901 0.49053075909614563
952.1972105503082 0.49053075909614563
953.9329488277435 0.49053075909614563
955.5656359195709 0.49053075909614563
956.7885708808899 0.49053075909614563
958.0050151348114 0.49053075909614563
959.2533557415009 0.49053075909614563
961.073299407959 0.49053075909614563
962.4171617031097 0.49053075909614563
963.9022150039673 0.49053075909614563
965.4435346126556 0.49053075909614563
967.3003671169281 0.49053075909614563
968.6654727458954 0.49053075909614563
970.9332032203674 0.49053075909614563
972.7509276866913 0.49053075909614563
974.3953502178192 0.49053075909614563
976.114471912384 0.49053075909614563
977.5342376232147 0.49053075909614563
979.4699504375458 0.49053075909614563
980.7240076065063 0.49053075909614563
982.3631203174591 0.49053075909614563
984.1627609729767 0.49053075909614563
986.0931127071381 0.49053075909614563
987.6664533615112 0.49053075909614563
989.4480266571045 0.49053075909614563
990.8184533119202 0.49053075909614563
992.9351305961609 0.49053075909614563
994.4404582977295 0.49053075909614563
996.2218225002289 0.49053075909614563
998.2530181407928 0.49053075909614563
999.751752614975 0.49053075909614563
1001.0173256397247 0.49053075909614563
1002.6274123191833 0.49053075909614563
1004.102445602417 0.49053075909614563
1004.9442801475525 0.49053075909614563
1005.949542760849 0.49053075909614563
1007.2615802288055 0.49053075909614563
1008.8548820018768 0.49053075909614563
1010.6723067760468 0.49053075909614563
1011.9355068206787 0.49053075909614563
1013.591481924057 0.49053075909614563
1014.5068752765656 0.49053075909614563
1015.4852921962738 0.49053075909614563
1016.5791699886322 0.49053075909614563
1017.4654667377472 0.49053075909614563
1018.4302072525024 0.49053075909614563
1019.4071791172028 0.49053075909614563
1020.7258131504059 0.49053075909614563
1023.0424084663391 0.49053075909614563
1024.8104412555695 0.49053075909614563
1026.479125738144 0.49053075909614563
1027.8814611434937 0.49053075909614563
1029.6368787288666 0.49053075909614563
1030.7507529258728 0.49053075909614563
1032.771010875702 0.49053075909614563
1034.6681878566742 0.49053075909614563
1036.1939678192139 0.49053075909614563
1037.6080496311188 0.49053075909614563
1039.3438620567322 0.49053075909614563
1040.8547172546387 0.49053075909614563
1042.206377506256 0.49053075909614563
1043.6611621379852 0.49053075909614563
1045.1525783538818 0.49053075909614563
1045.9524319171906 0.49053075909614563
1046.7812645435333 0.49053075909614563
1048.292290687561 0.49053075909614563
1049.960158109665 0.49053075909614563
1051.6520903110504 0.49053075909614563
1053.0650398731232 0.49053075909614563
1054.5934400558472 0.49053075909614563
1056.128433227539 0.49053075909614563
1057.659807920456 0.49053075909614563
1059.056941986084 0.49053075909614563
1060.6451489925385 0.49053075909614563
1061.9188041687012 0.49053075909614563
1063.4101231098175 0.49053075909614563
1064.8575556278229 0.49053075909614563
1066.1948475837708 0.49053075909614563
1067.7228512763977 0.49053075909614563
1069.0683107376099 0.49053075909614563
1070.3399481773376 0.49053075909614563
1071.9451687335968 0.49053075909614563
1073.8730916976929 0.49053075909614563
1075.106696844101 0.49053075909614563
1076.693076133728 0.49053075909614563
1077.9759044647217 0.49053075909614563
1079.2050516605377 0.49053075909614563
1080.9458305835724 0.49053075909614563
1082.4974024295807 0.49053075909614563
1084.2720551490784 0.49053075909614563
1085.6282396316528 0.49053075909614563
1087.1939911842346 0.49053075909614563
1088.2762355804443 0.49053075909614563
1089.2034451961517 0.49053075909614563
1090.244568347931 0.49053075909614563
1091.881329536438 0.49053075909614563
1093.4259672164917 0.49053075909614563
1095.2760727405548 0.49053075909614563
1096.8314626216888 0.49053075909614563
1098.1148176193237 0.49053075909614563
1100.3153331279755 0.49053075909614563
1102.0146622657776 0.49053075909614563
1103.4708397388458 0.49053075909614563
1104.9995017051697 0.49053075909614563
1106.5207858085632 0.49053075909614563
1107.7444067001343 0.49053075909614563
1109.2060537338257 0.49053075909614563
1110.5921459197998 0.49053075909614563
1112.094892501831 0.49053075909614563
1113.4289181232452 0.49053075909614563
1114.8310067653656 0.49053075909614563
1116.1607818603516 0.49053075909614563
1117.0301177501678 0.49053075909614563
1118.7922656536102 0.49053075909614563
1120.4841721057892 0.49053075909614563
1121.9391176700592 0.49053075909614563
1123.3303973674774 0.49053075909614563
1124.7541499137878 0.49053075909614563
1125.9848523139954 0.49053075909614563
1127.5835525989532 0.49053075909614563
1128.9454691410065 0.49053075909614563
1130.189136505127 0.49053075909614563
1131.5016129016876 0.49053075909614563
1132.6432483196259 0.49053075909614563
1134.0476043224335 0.49053075909614563
1134.9821801185608 0.49053075909614563
1135.9044253826141 0.49053075909614563
1137.1461038589478 0.49053075909614563
1138.760217666626 0.49053075909614563
1140.276385307312 0.49053075909614563
1141.6623616218567 0.49053075909614563
1142.9489290714264 0.49053075909614563
1144.5773935317993 0.49053075909614563
1146.5589921474457 0.49053075909614563
1147.9277806282043 0.49053075909614563
1149.3168292045593 0.49053075909614563
1151.16903424263 0.49053075909614563
1152.5182888507843 0.49053075909614563
1154.1597893238068 0.49053075909614563
1155.5584104061127 0.49053075909614563
1156.9662351608276 0.49053075909614563
1158.6713156700134 0.49053075909614563
1160.0766389369965 0.49053075909614563
1161.4545300006866 0.49053075909614563
1163.0430958271027 0.49053075909614563
1164.1687347888947 0.49053075909614563
1164.8811626434326 0.49053075909614563
1165.7209951877594 0.49053075909614563
1166.6022148132324 0.49053075909614563
1168.2411785125732 0.49053075909614563
1169.8625693321228 0.49053075909614563
1171.1105196475983 0.49053075909614563
1172.6952629089355 0.49053075909614563
1174.2880926132202 0.49053075909614563
1175.6595566272736 0.49053075909614563
1177.1027364730835 0.49053075909614563
1178.5374743938446 0.49053075909614563
1179.2965815067291 0.49053075909614563
1180.2731940746307 0.49053075909614563
1181.74635887146 0.49053075909614563
1183.4939062595367 0.49053075909614563
1184.9827632904053 0.49053075909614563
1186.2780394554138 0.49053075909614563
1187.80419754982 0.49053075909614563
1189.4950206279755 0.49053075909614563
1190.8902249336243 0.49053075909614563
1192.5646772384644 0.49053075909614563
1194.0324108600616 0.49053075909614563
1195.616093158722 0.49053075909614563
1196.8749914169312 0.49053075909614563
1198.4515109062195 0.49053075909614563
1200.2204008102417 0.49053075909614563
1201.6750946044922 0.49053075909614563
1203.0525314807892 0.49053075909614563
1205.1752281188965 0.49053075909614563
1207.1684610843658 0.49053075909614563
1208.3463115692139 0.49053075909614563
1210.0298540592194 0.49053075909614563
1211.7304348945618 0.49053075909614563
1213.0391716957092 0.49053075909614563
1214.030470609665 0.49053075909614563
1214.925856590271 0.49053075909614563
1216.101548910141 0.49053075909614563
1217.126876115799 0.49053075909614563
1218.6355156898499 0.49053075909614563
1220.3685476779938 0.49053075909614563
1221.4563086032867 0.49053075909614563
1222.6396508216858 0.49053075909614563
1224.115035533905 0.49053075909614563
1225.6021831035614 0.49053075909614563
1227.4826350212097 0.49053075909614563
1228.936621427536 0.49053075909614563
1230.605462551117 0.49053075909614563
1232.1950039863586 0.49053075909614563
1233.5691299438477 0.49053075909614563
1235.1948547363281 0.49053075909614563
1236.6712386608124 0.49053075909614563
1238.156548500061 0.49053075909614563
1239.7138469219208 0.49053075909614563
1241.4106810092926 0.49053075909614563
1242.767554283142 0.49053075909614563
1244.1679108142853 0.49053075909614563
1245.469571352005 0.49053075909614563
1246.7532014846802 0.49053075909614563
1248.2683274745941 0.49053075909614563
1249.547028541565 0.49053075909614563
1250.7767951488495 0.49053075909614563
1252.202306509018 0.49053075909614563
1253.7773628234863 0.49053075909614563
1255.4681351184845 0.49053075909614563
1256.8091926574707 0.49053075909614563
1258.0837488174438 0.49053075909614563
1259.8555908203125 0.49053075909614563
1261.0207824707031 0.49053075909614563
1262.4503285884857 0.49053075909614563
1264.0720567703247 0.49053075909614563
1265.3829953670502 0.49053075909614563
1266.1577570438385 0.49053075909614563
1267.0378699302673 0.49053075909614563
1267.8108525276184 0.49053075909614563
1269.1505641937256 0.49053075909614563
1270.5483400821686 0.49053075909614563
1271.8993237018585 0.49053075909614563
1273.467251777649 0.49053075909614563
1274.854362487793 0.49053075909614563
1276.2338898181915 0.49053075909614563
1277.5838589668274 0.49053075909614563
1278.9023909568787 0.49053075909614563
1280.2116389274597 0.49053075909614563
1281.9479701519012 0.49053075909614563
1283.5497913360596 0.49053075909614563
1285.1388800144196 0.49053075909614563
1286.7814157009125 0.49053075909614563
1288.4919884204865 0.49053075909614563
1290.1445395946503 0.49053075909614563
1291.48024725914 0.49053075909614563
1292.7226312160492 0.49053075909614563
1294.4127254486084 0.49053075909614563
1295.9388208389282 0.49053075909614563
1297.7572102546692 0.49053075909614563
1299.4620831012726 0.49053075909614563
1300.6694180965424 0.49053075909614563
1302.471354484558 0.49053075909614563
1303.9516184329987 0.49053075909614563
1305.4362707138062 0.49053075909614563
1307.6300225257874 0.49053075909614563
1309.2700026035309 0.49053075909614563
1310.5898644924164 0.49053075909614563
1312.2686610221863 0.49053075909614563
1313.0198757648468 0.49053075909614563
1314.0964987277985 0.49053075909614563
1315.6883199214935 0.49053075909614563
1317.0153892040253 0.49053075909614563
1318.558334350586 0.49053075909614563
1319.9957132339478 0.49053075909614563
1321.4546916484833 0.49053075909614563
1323.2144134044647 0.49053075909614563
1324.5059583187103 0.49053075909614563
1325.9626309871674 0.49053075909614563
1327.4595546722412 0.49053075909614563
1328.8068945407867 0.49053075909614563
1330.4533298015594 0.49053075909614563
1332.1573867797852 0.49053075909614563
1333.795152425766 0.49053075909614563
1335.2091119289398 0.49053075909614563
1336.769288301468 0.49053075909614563
1338.6543834209442 0.49053075909614563
1340.2327234745026 0.49053075909614563
1341.6149842739105 0.49053075909614563
1343.2509157657623 0.49053075909614563
1344.6582329273224 0.49053075909614563
1346.0481448173523 0.49053075909614563
1347.7360327243805 0.49053075909614563
1349.6421341896057 0.49053075909614563
1351.2124092578888 0.49053075909614563
1352.877990245819 0.49053075909614563
1354.2281880378723 0.49053075909614563
1355.8039801120758 0.49053075909614563
1357.3490703105927 0.49053075909614563
1358.50767827034 0.49053075909614563
1360.2331433296204 0.49053075909614563
1360.968552827835 0.49053075909614563
1361.599933385849 0.49053075909614563
1362.358013868332 0.49053075909614563
1363.0954048633575 0.49053075909614563
1363.6839971542358 0.49053075909614563
1364.5570266246796 0.49053075909614563
1365.8988635540009 0.49053075909614563
1367.0646324157715 0.49053075909614563
1368.6282284259796 0.49053075909614563
1370.847677230835 0.49053075909614563
1372.54509806633 0.49053075909614563
1374.0356588363647 0.49053075909614563
1375.7078740596771 0.49053075909614563
1377.3556883335114 0.49053075909614563
1378.7209033966064 0.49053075909614563
1380.060970067978 0.49053075909614563
1381.6228365898132 0.49053075909614563
1383.3426628112793 0.49053075909614563
1385.4671604633331 0.49053075909614563
1387.4634430408478 0.49053075909614563
1388.7801730632782 0.49053075909614563
1390.2439336776733 0.49053075909614563
1391.8533787727356 0.49053075909614563
1393.7256162166595 0.49053075909614563
1395.2373983860016 0.49053075909614563
1396.4777476787567 0.49053075909614563
1397.8421740531921 0.49053075909614563
1399.4606575965881 0.49053075909614563
1401.106373310089 0.49053075909614563
1402.8529961109161 0.49053075909614563
1404.3395690917969 0.49053075909614563
1405.841760635376 0.49053075909614563
1407.4434525966644 0.49053075909614563
1408.4099552631378 0.49053075909614563
1409.5130078792572 0.49053075909614563
1411.2054958343506 0.49053075909614563
1412.7438306808472 0.49053075909614563
1413.634336233139 0.49053075909614563
1414.754512310028 0.49053075909614563
1415.788328409195 0.49053075909614563
1416.8934643268585 0.49053075909614563
1417.8985805511475 0.49053075909614563
1418.823248386383 0.49053075909614563
1419.7891187667847 0.49053075909614563
1420.7518796920776 0.49053075909614563
1421.9699864387512 0.49053075909614563
1423.1411249637604 0.49053075909614563
1424.0828657150269 0.49053075909614563
1424.9149074554443 0.49053075909614563
1426.0918345451355 0.49053075909614563
1427.153837442398 0.49053075909614563
1428.573501586914 0.49053075909614563
1429.8866086006165 0.49053075909614563
1431.5407161712646 0.49053075909614563
1433.0694847106934 0.49053075909614563
1434.4050455093384 0.49053075909614563
1435.963446855545 0.49053075909614563
1437.4471101760864 0.49053075909614563
