-0.04103129729628563 -1.1973767280578613 -1.0148569345474243 1.0252965688705444 -0.7805081605911255 -0.3842138350009918
0.9354369044303894 -0.29272663593292236 1.1835345029830933 -1.7308934926986694 0.1697414070367813 0.006569025106728077
1.244234323501587 -0.4752066433429718 -1.0759868621826172 0.15264317393302917 1.701170563697815 1.0952039957046509
0.582343578338623 -0.5315424203872681 1.0532658100128174 -0.8100850582122803 -1.1211045980453491 -0.4651745855808258
-1.0598236322402954 0.9924095869064331 -1.1492023468017578 0.0655834823846817 0.8775599002838135 0.4369821846485138
-0.3881978690624237 -0.6849883794784546 -0.1936640441417694 0.8392107486724854 -0.24098564684391022 -0.22212760150432587
-1.4212450981140137 -1.1721664667129517 0.4226994812488556 0.28815725445747375 -0.030413132160902023 -1.1685717105865479
-1.6301534175872803 0.06722047924995422 0.4658125340938568 1.3126230239868164 -0.6097564697265625 -0.982542872428894
-1.456799030303955 1.3019554615020752 -0.7709387540817261 0.9059339761734009 -1.7344640493392944 -0.7195207476615906
-0.9492458701133728 1.5294841527938843 1.2487963438034058 -0.03557344526052475 -0.3096039593219757 -0.015187058597803116
-1.668900489807129 0.3627782166004181 -0.023376531898975372 -1.4169747829437256 0.33481565117836 -2.018213987350464
0.08271311968564987 -1.3407578468322754 0.47144564986228943 0.975412905216217 -0.6272746324539185 -0.5156368017196655
-0.1600704938173294 1.2776274681091309 0.45536524057388306 0.2706722319126129 -1.6886603832244873 0.16857202351093292
1.3979051113128662 -0.7733672261238098 -0.13528019189834595 1.399276614189148 -0.29495590925216675 0.9415268898010254
0.7520874738693237 -1.7486958503723145 0.209000363945961 1.6082977056503296 0.723785936832428 -0.07278801500797272
-1.223434567451477 1.0375858545303345 1.647032380104065 -1.0049148797988892 -0.22227825224399567 -0.29490283131599426
1.0438437461853027 -0.18790176510810852 0.08751578629016876 0.5513215065002441 1.5065659284591675 1.0300345420837402
-1.2855228185653687 1.3576713800430298 -0.5199475884437561 -0.9241452217102051 0.4971923232078552 -1.0044403076171875
0.7920395731925964 -1.4458998441696167 0.5395006537437439 -1.4330133199691772 -1.2200971841812134 -2.212376594543457
-0.8958069682121277 0.38085493445396423 1.3110785484313965 -0.3681958317756653 -0.6580327153205872 -0.23125356435775757
0.692222535610199 0.9575667977333069 -1.1632076501846313 0.7779999375343323 -0.6442980766296387 0.9950351715087891
-1.4184757471084595 0.41356566548347473 0.9381564855575562 0.9423081874847412 0.5434939861297607 -0.14004981517791748
1.0132853984832764 0.2619640827178955 0.43292519450187683 -1.4647248983383179 0.16115927696228027 -0.29829826951026917
-0.009237946011126041 0.2077779322862625 -1.7485169172286987 -1.134364366531372 -0.5800796151161194 0.5432960987091064
1.7466413974761963 0.15035265684127808 -1.3344191312789917 1.2270365953445435 1.3362008333206177 2.1689748764038086
-0.9859471321105957 0.9592614769935608 1.1462757587432861 -1.6384917497634888 0.6498592495918274 -0.537350058555603
-1.127753496170044 -0.6067420840263367 1.5292127132415771 -0.6080687642097473 -1.8122693300247192 -1.3066402673721313
0.5896667242050171 0.8806273341178894 -0.11023782193660736 0.5827391743659973 -1.7918897867202759 0.6739359498023987
0.9860264658927917 -1.6249366998672485 0.5102236866950989 0.7109748721122742 -1.5339082479476929 -0.9709432125091553
1.413124442100525 -1.1814080476760864 -0.2084115743637085 -0.8578190803527832 1.429956078529358 -0.678608775138855
1.2032270431518555 1.086190104484558 -1.488525629043579 -0.008821874856948853 -1.7226437330245972 0.5997503399848938
-1.5013874769210815 -1.6153961420059204 -0.2510792315006256 0.4487125277519226 0.7485334873199463 -0.7718108892440796
-0.0076265172101557255 -0.14724302291870117 1.2044252157211304 0.02925228886306286 0.9081968665122986 0.8617656230926514
-1.7059377431869507 -0.013109059073030949 -1.4408537149429321 1.103155255317688 0.4178599715232849 0.0809185653924942
0.7401753664016724 -1.6043914556503296 -1.6384116411209106 -1.4960143566131592 -0.6960488557815552 -1.431541919708252
-0.0634089782834053 0.04756386950612068 1.2055333852767944 0.5552890300750732 -0.9173827767372131 0.5399574041366577
0.9783425331115723 -1.1398940086364746 -0.2231132537126541 1.4180725812911987 -1.6349618434906006 -0.28698065876960754
-0.9423654079437256 -0.9464461207389832 1.0361032485961914 1.009268879890442 -1.112104892730713 -0.6339433789253235
-0.03959646448493004 -1.001633644104004 -1.7591890096664429 1.6463342905044556 0.8402621150016785 1.6300790309906006
-0.04663527384400368 1.1672805547714233 -0.540572464466095 0.030658913776278496 0.9464794397354126 0.7441403269767761
1.7792969942092896 0.1037488579750061 -0.9276233911514282 0.20436574518680573 1.005219578742981 1.372767686843872
-1.2259756326675415 -1.056470274925232 -0.26506268978118896 0.1721012443304062 -0.46744653582572937 -1.1588802337646484
0.26229313015937805 -1.031101942062378 1.496718406677246 -0.45597904920578003 0.38877296447753906 0.04646257683634758
0.7533968687057495 1.194797158241272 -0.0029428857378661633 1.1037856340408325 -1.3949755430221558 0.8107613921165466
-1.283743977546692 1.2933423519134521 -0.7669804692268372 -0.43959707021713257 -1.6032378673553467 -1.3905854225158691
-0.07624314725399017 -0.0001938025961862877 -0.9598978757858276 1.240675449371338 1.659472942352295 1.54175865650177
0.06928278505802155 -0.03680669143795967 -0.07731818407773972 0.7793958783149719 0.13310188055038452 0.23362867534160614
-0.10528141260147095 0.15979251265525818 -0.32606014609336853 -1.7392237186431885 -1.5135029554367065 -1.331319808959961
-0.16327549517154694 -0.9753975868225098 -0.47502967715263367 -1.2791181802749634 -0.976352870464325 -1.8675353527069092
-0.21735957264900208 1.428972601890564 -0.7524487376213074 0.8553787469863892 1.0426033735275269 1.7310041189193726
0.8138227462768555 0.2715977132320404 0.6473377346992493 1.2844332456588745 -0.8378803133964539 1.1724056005477905
1.0540128946304321 1.7049126625061035 -0.5052446126937866 -0.9272295236587524 -0.5314931273460388 -1.0587745904922485
1.0936939716339111 0.9813869595527649 1.4287898540496826 0.5050076842308044 0.01933504268527031 1.5732121467590332
0.6331197619438171 1.7166963815689087 -0.09439678490161896 -1.4572478532791138 -0.5769551992416382 -0.8793478608131409
0.9192981719970703 0.8783624768257141 -1.0177358388900757 0.34817251563072205 0.4386390745639801 1.1079020500183105
0.4084336757659912 1.4862223863601685 0.2684357166290283 -0.36505815386772156 1.6103657484054565 1.1995267868041992
-0.3059692680835724 0.7225388884544373 0.6113982200622559 -1.5516680479049683 -1.2943990230560303 -0.7466462850570679
-0.0019076281460002065 1.4058884382247925 -1.3726061582565308 0.6816869974136353 0.24475809931755066 1.5023326873779297
0.3913903832435608 -0.2692832052707672 1.4119960069656372 -1.3484889268875122 0.9451016187667847 0.6392395496368408
0.44770851731300354 -0.6384823322296143 0.9477462768554688 -0.5589727759361267 -1.4868314266204834 -0.7205926179885864
-0.380993127822876 -0.898887574672699 -0.8838527798652649 -0.8933181762695312 -0.4198637008666992 -1.4064782857894897
-0.3957371711730957 1.475892186164856 -1.0782742500305176 0.6546066403388977 -1.208586573600769 0.7233963012695312
0.9054170250892639 0.6664822101593018 -0.4120735824108124 -1.1518341302871704 0.8927636742591858 0.2245921790599823
-1.1952769756317139 1.4008444547653198 0.7363406419754028 -0.7163044214248657 -0.3825465738773346 -1.0026415586471558
0.03236131742596626 -0.09785202145576477 1.118476152420044 1.3091727495193481 -0.4345967769622803 1.408322811126709
0.8949584364891052 0.12541550397872925 -0.2643333375453949 -1.0923327207565308 0.7550482749938965 0.040095530450344086
1.4507654905319214 1.5878225564956665 1.2070410251617432 0.7381682395935059 1.2541429996490479 0.811565637588501
1.1872657537460327 -1.5931150913238525 -1.1315618753433228 0.9589344263076782 -0.22539503872394562 -0.42395177483558655
-0.41711169481277466 -0.4434199333190918 0.8550365567207336 1.1531919240951538 0.5030084252357483 0.47492292523384094
1.2592556476593018 0.5183868408203125 0.2976727783679962 0.8336337804794312 1.66790771484375 1.9141422510147095
0.5585885047912598 1.5989875793457031 -0.8483859300613403 -1.0970460176467896 0.026053326204419136 0.37044233083724976
0.6961715221405029 0.9643750190734863 -1.0572458505630493 0.8752461075782776 1.0826793909072876 1.747563362121582
-1.6730709075927734 1.4182629585266113 -1.132944941520691 1.2004075050354004 0.8574569821357727 -0.11570870131254196
1.4648574590682983 -0.932264506816864 -0.047039810568094254 -1.6305893659591675 -0.24850423634052277 -1.050055742263794
-0.8875017762184143 0.6991033554077148 1.2862329483032227 -1.3261611461639404 0.24761316180229187 -0.6168799996376038
1.09486722946167 1.1815624237060547 -0.36484041810035706 -1.5431846380233765 -1.3233433961868286 -1.0599100589752197
-0.8592947721481323 0.9273136258125305 -0.712034285068512 0.7879536747932434 0.024732688441872597 0.4166465997695923
1.51239812374115 -1.2569842338562012 -0.17284004390239716 -0.6117027401924133 -0.2781009078025818 -0.9466056823730469
1.5842411518096924 -1.6230319738388062 -0.8183058500289917 1.26526939868927 -1.146687388420105 -0.6065536141395569
-1.4851032495498657 -0.8179600238800049 1.588109016418457 -1.1067756414413452 0.2810004651546478 -1.244041085243225
-0.05221183970570564 -0.5800732374191284 -1.3925166130065918 -0.6991310715675354 -0.5166176557540894 -0.6506029963493347
0.1713690459728241 -1.766274094581604 -0.7535778284072876 0.39261361956596375 -0.07734563201665878 -0.9817009568214417
-0.6066662669181824 1.0330493450164795 0.8546568751335144 1.4415138959884644 1.5067267417907715 2.1034185886383057
-0.4525962173938751 -1.2629767656326294 -0.9362898468971252 0.4604862928390503 -0.03329988941550255 -0.459241658449173
1.0709327459335327 1.2698570489883423 -1.6315345764160156 0.589323103427887 -1.6008793115615845 0.5812550187110901
-0.35621553659439087 0.3046782314777374 -0.03917955979704857 1.7088327407836914 -0.009635438211262226 1.0131539106369019
-1.1510307788848877 -0.5012112259864807 -0.3542293310165405 0.3527476191520691 1.6189255714416504 -0.41353198885917664
-0.3362996578216553 -1.2766388654708862 0.5520152449607849 0.5190693140029907 0.13469454646110535 -0.3823639154434204
1.1056839227676392 -0.3938021659851074 -1.131588339805603 -1.5714466571807861 1.1427088975906372 0.27076947689056396
-0.9093514084815979 -0.5648412704467773 -1.3833380937576294 -0.18102465569972992 0.41527560353279114 -0.48568195104599
1.351403832435608 -0.8707482218742371 1.032039999961853 -0.2533878982067108 0.045006249099969864 0.2647671103477478
0.38202428817749023 1.7071664333343506 1.3136204481124878 -0.3729461133480072 -1.1113739013671875 0.7541913986206055
1.5483046770095825 0.49018222093582153 1.1195327043533325 -1.0255695581436157 0.1057676374912262 0.2867174744606018
-1.0486408472061157 -1.7479299306869507 1.252803921699524 0.6818764209747314 0.07035242766141891 -0.4787375330924988
-0.8141991496086121 0.29507285356521606 -0.4967401921749115 -1.6090633869171143 -0.8644351363182068 -1.8395885229110718
1.6404606103897095 0.719347357749939 0.2478453367948532 -0.5678386688232422 -1.8355518579483032 -0.7241827845573425
0.5870270133018494 -0.03883717209100723 0.02480420656502247 -0.6721571683883667 -1.3215439319610596 -0.5754135847091675
-0.48211580514907837 -0.33576446771621704 0.971958339214325 0.14899942278862 0.7917783260345459 0.42393791675567627
-0.15921881794929504 1.171815276145935 -1.018036127090454 0.2715905010700226 -0.03679235652089119 1.0850110054016113
-0.5578054785728455 -0.580592155456543 1.3832136392593384 0.6754800081253052 -1.6331619024276733 -0.27852097153663635
-1.5613535642623901 -0.9312978982925415 -0.3450462520122528 0.7800650596618652 -0.5367411971092224 -1.1603163480758667
-1.6914180517196655 -0.5481586456298828 -1.0883595943450928 -0.9558221697807312 0.9696415066719055 -1.0757174491882324
0.9032789468765259 0.23298043012619019 -0.8666104078292847 -0.11015353351831436 1.3589023351669312 1.2153892517089844
-0.922677218914032 1.0638400316238403 -0.290807843208313 0.26064369082450867 -1.3478178977966309 -0.360476553440094
1.6013380289077759 1.555582046508789 -1.0257009267807007 0.7779238224029541 -0.7672613859176636 -0.5938405990600586
-0.6255881190299988 0.9922976493835449 -1.0234005451202393 0.13812722265720367 -0.2446889728307724 0.2276671826839447
-0.13667874038219452 -0.17439046502113342 1.3561440706253052 0.5855376124382019 0.9721746444702148 0.9623234272003174
0.767160952091217 -0.7969022393226624 1.3523831367492676 1.4769835472106934 1.4785699844360352 1.6841609477996826
-1.5488672256469727 -0.30369579792022705 -1.3131537437438965 0.28255805373191833 0.9714419841766357 -0.7725864052772522
-1.6288983821868896 -0.40539076924324036 -1.630820631980896 0.6994605660438538 -1.79244065284729 -0.3188013434410095
-1.3170045614242554 1.0761250257492065 1.3651117086410522 1.1368062496185303 0.4990578889846802 1.032856822013855
0.5946072340011597 -0.26462405920028687 0.5966724753379822 -1.6991279125213623 0.9952182173728943 -0.028429118916392326
0.7347173690795898 -0.16759218275547028 -0.8176714777946472 -1.168500542640686 1.2679356336593628 -0.23657113313674927
0.07110457867383957 0.11044137179851532 0.20412962138652802 -0.6820283532142639 -1.6683610677719116 -0.9821963906288147
0.9890432953834534 1.2893414497375488 -0.461579829454422 1.5927602052688599 0.8926524519920349 1.3670603036880493
-0.21387600898742676 0.2534918487071991 -0.16722387075424194 0.34762799739837646 -0.09174486994743347 0.3839070796966553
1.2379734516143799 -1.195137619972229 -1.4608114957809448 -0.7123260498046875 0.8365868330001831 -0.07831663638353348
0.9866384863853455 1.2662911415100098 0.5332191586494446 0.8383883833885193 1.2128608226776123 1.1954014301300049
1.6841696500778198 1.6217983961105347 0.0589299350976944 -0.2834055721759796 0.5868881940841675 -0.8107635974884033
0.05715214088559151 1.6358145475387573 0.813782811164856 1.5359952449798584 0.06535377353429794 1.6448707580566406
0.4109187722206116 -0.6464478373527527 0.4024992883205414 0.6124269962310791 -0.8620688319206238 -0.10092136263847351
0.27395132184028625 0.3490767776966095 0.8883825540542603 0.7944598197937012 1.2802720069885254 1.4899412393569946
-0.5874037742614746 0.5902096033096313 -0.8254082798957825 0.8977784514427185 0.3083190321922302 0.6480662226676941
1.6146092414855957 -1.5795484781265259 -1.179470419883728 1.2261817455291748 1.4514459371566772 0.3771112263202667
-0.5136999487876892 -1.5616440773010254 1.2223385572433472 0.9468839764595032 -1.764734148979187 -0.6175768375396729
-0.1481618732213974 -1.1554080247879028 0.03557761013507843 1.0905847549438477 -0.8192383050918579 -0.42247509956359863
-1.0477842092514038 -0.8103533387184143 1.3869423866271973 1.5218946933746338 0.957949697971344 0.8251228332519531
-0.08542338013648987 -0.72785484790802 1.425071120262146 1.4296907186508179 -1.1904230117797852 0.8262995481491089
1.3106485605239868 0.515895426273346 0.3280966579914093 -0.49172690510749817 1.3037853240966797 0.5948522090911865
0.6594188809394836 0.35099291801452637 -1.0925172567367554 -0.5844036340713501 1.4259556531906128 0.8313656449317932
1.3994807004928589 1.1221592426300049 -0.6384928822517395 -0.02647457830607891 -0.8562992811203003 -0.03679266571998596
-1.7117687463760376 -1.4901071786880493 0.0057593281380832195 1.1116639375686646 0.12395896762609482 -0.48829472064971924
1.541751503944397 -0.5652958154678345 -0.6513643860816956 0.41423889994621277 1.3536497354507446 1.0636992454528809
-0.31764137744903564 -1.4888087511062622 1.667443871498108 0.7249592542648315 0.3454833924770355 0.1604197770357132
0.5822625756263733 -0.5162767767906189 1.0313425064086914 0.7927765846252441 -0.8893930315971375 0.43587160110473633
0.7378401756286621 1.3172203302383423 0.9727494120597839 -1.1917954683303833 1.1874176263809204 0.4306737184524536
-0.6586599349975586 0.7153624892234802 0.11902309209108353 0.24601425230503082 -1.8069250583648682 -0.21301805973052979
-1.4909520149230957 0.20328278839588165 0.7105554342269897 1.5358670949935913 -0.7965216040611267 -0.3333771824836731
-0.11257950216531754 0.858685314655304 0.6676874160766602 0.30109578371047974 1.1233855485916138 1.2773189544677734
0.5664273500442505 1.2964584827423096 0.2469286173582077 -0.19122102856636047 -0.8035261631011963 0.47944122552871704
0.35666921734809875 0.840998113155365 -1.1375762224197388 0.7781582474708557 0.15574035048484802 1.4617068767547607
-1.4488632678985596 -0.23162758350372314 1.282175064086914 0.4896659851074219 0.8258101940155029 0.07119019329547882
-0.667133629322052 -1.6377599239349365 -1.2017805576324463 -0.8067567348480225 1.3130875825881958 -1.2280340194702148
-0.0676310732960701 0.13589440286159515 0.5951236486434937 -0.8430672883987427 1.071386456489563 0.4287455677986145
1.2740881443023682 1.1157156229019165 1.5203319787979126 -1.0418028831481934 -0.7279185652732849 -0.15569515526294708
-0.6968052983283997 -0.8959039449691772 0.9522718191146851 -0.3499847650527954 -0.5712341666221619 -0.7824800610542297
1.438995361328125 0.3381895422935486 -1.7984390258789062 -0.011437050998210907 0.2226516604423523 1.8659757375717163
-1.5905394554138184 -0.21814973652362823 -0.3324068486690521 -0.31510093808174133 0.8181208372116089 -1.0979048013687134
1.164782166481018 -1.4219958782196045 -1.7095932960510254 -1.3117221593856812 -0.20573323965072632 -0.7896592617034912
1.0240484476089478 0.8624668121337891 -0.7661462426185608 -1.1577173471450806 1.056699514389038 0.22460676729679108
-0.36184418201446533 0.7581019401550293 0.9924452900886536 -1.7210235595703125 -1.3318676948547363 -0.8369766473770142
-1.2476469278335571 0.8513832092285156 -0.06261379271745682 0.4966980814933777 -0.5469961166381836 -0.6524192094802856
0.10512305051088333 1.066942811012268 1.0475666522979736 -1.32978093624115 0.8909493088722229 0.3783171772956848
1.0260982513427734 -1.2002203464508057 -1.3578770160675049 0.8569850325584412 1.0968321561813354 0.6859087944030762
-1.5835422277450562 0.9491314888000488 -0.11308003216981888 0.9082735180854797 0.9332112073898315 -0.6514844298362732
0.2908608317375183 -1.5951637029647827 1.244909644126892 -1.2432708740234375 -0.03929654136300087 -1.9048659801483154
-1.0101286172866821 0.6942340731620789 1.2896058559417725 1.6519691944122314 1.6990182399749756 1.7709852457046509
1.125786542892456 0.2671615779399872 -0.11474131047725677 -0.6150721907615662 1.5223628282546997 0.7667528986930847
0.11663848161697388 1.058894395828247 -0.4318661689758301 -1.622096300125122 0.17020967602729797 -0.40018466114997864
0.2966000437736511 -1.4638079404830933 -0.031245946884155273 0.9412285685539246 1.487746238708496 0.010787962935864925
0.8971076607704163 -1.7629528045654297 -1.1788252592086792 -0.8887979388237 0.01883627474308014 -1.7774548530578613
-1.4188899993896484 0.342524915933609 -0.17809607088565826 0.5475406050682068 -1.3728886842727661 -1.3093230724334717
0.10445428639650345 -1.5195666551589966 1.3700599670410156 1.3324440717697144 -0.4130599796772003 0.3030815124511719
0.11858732998371124 -0.7085740566253662 -1.6193937063217163 1.4412071704864502 -0.08948532491922379 1.2328773736953735
-0.6845420002937317 -1.5269047021865845 1.2466330528259277 -0.8640803098678589 -1.2595971822738647 -1.4072074890136719
-0.5563638806343079 -1.1976083517074585 -0.8858975768089294 -1.630496859550476 -1.7525509595870972 -2.1973776817321777
-0.5555492043495178 1.1768524646759033 0.4041922688484192 -0.6464648842811584 -0.34560728073120117 -0.3272460997104645
0.8490300178527832 -1.0375568866729736 -0.4492611885070801 -0.4278820753097534 0.27623993158340454 -0.8439601063728333
-0.9725419282913208 -0.3052688539028168 0.38400691747665405 -0.7129629254341125 0.47366079688072205 -1.0192346572875977
1.3444236516952515 0.66769939661026 -1.099679946899414 -1.1580913066864014 -1.7833894491195679 -0.06394153088331223
-0.06251668184995651 0.42515864968299866 0.7008708715438843 0.9506576657295227 -1.181570053100586 0.8638926148414612
1.3000096082687378 -0.22534647583961487 -1.7373028993606567 -0.8181541562080383 -1.5263577699661255 0.31555843353271484
-1.589212417602539 1.100233554840088 -1.0179779529571533 -1.6146267652511597 -1.1344118118286133 -2.2208375930786133
-1.0096290111541748 1.0984493494033813 -0.393184632062912 0.6158525347709656 1.6349960565567017 0.6776185035705566
1.216235876083374 1.661413311958313 -0.44194525480270386 -0.6640822291374207 1.6644619703292847 -0.009533917531371117
1.6384954452514648 -0.9327545166015625 -1.7357301712036133 1.351672887802124 -0.018477339297533035 1.930677056312561
0.6058969497680664 -1.2344541549682617 1.03278648853302 -0.5665977001190186 1.0349334478378296 -0.5518987774848938
0.6654788255691528 -0.8351945281028748 0.6230239868164062 -1.7219237089157104 0.7806975841522217 -0.9187613725662231
-0.19812829792499542 0.007183711510151625 1.6682318449020386 -0.39106637239456177 -1.1975717544555664 0.40825873613357544
-0.14731577038764954 -0.7860488891601562 1.6133135557174683 -1.3428314924240112 -0.2638770639896393 -0.12581422924995422
-0.9041010141372681 -1.3107279539108276 0.9928154349327087 -0.41566526889801025 0.2731161117553711 -1.2171316146850586
-0.06531994044780731 -1.6368565559387207 0.8159615397453308 -0.7791237831115723 -1.2722636461257935 -1.8154526948928833
0.4083457589149475 1.6452891826629639 -1.1125614643096924 -0.2914455831050873 -0.6502395272254944 0.7390303015708923
-0.5023471713066101 1.1205826997756958 -0.2122204750776291 -0.7500659823417664 -0.441486120223999 -0.7945287227630615
-0.9400083422660828 0.2799200415611267 1.6135555505752563 0.6316512227058411 -0.3956553041934967 0.6922094225883484
-0.36807140707969666 -0.5932825803756714 -1.4341355562210083 -0.5696526169776917 0.8616192936897278 0.036259766668081284
-1.7008570432662964 0.1357046365737915 -0.8572807312011719 1.5928839445114136 -0.7244782447814941 -0.33697396516799927
-0.2052409052848816 -0.9712582230567932 1.5667811632156372 0.0658877044916153 -0.2622709274291992 0.09732417017221451
