-0.38658636808395386 0.08055254071950912 -0.4381357431411743 -1.6636854410171509 -0.4642944037914276 0.01100884284824133
0.7242596745491028 0.13666148483753204 -0.10652682930231094 -0.6256165504455566 -0.18663761019706726 -1.2583117485046387
-0.10183513164520264 0.18471550941467285 -0.47594255208969116 0.04000495374202728 -0.5533747673034668 0.15570038557052612
-0.8127983808517456 -0.9372764825820923 -0.43912649154663086 -1.396188497543335 -0.929176390171051 -0.13965578377246857
0.6817731857299805 0.60160231590271 -1.6018542051315308 -1.1196330785751343 -1.0461008548736572 -1.7461949586868286
-0.46348485350608826 -0.6205717325210571 0.5526610016822815 1.4842480421066284 -0.15124854445457458 1.1565812826156616
-0.05468794330954552 0.6298227906227112 0.4332519471645355 0.29970526695251465 -0.03426273539662361 -0.5669838786125183
0.6881216168403625 0.17003530263900757 -0.4058835804462433 -0.6681927442550659 -0.17621363699436188 -1.085601806640625
2.3334527015686035 1.725952386856079 -0.3776213228702545 -1.1713978052139282 0.098838672041893 -0.6638067364692688
1.0555741786956787 0.6333101987838745 1.8215676546096802 1.357819676399231 1.6275461912155151 -0.9663220643997192
0.3516607880592346 0.38970696926116943 -0.49466443061828613 -1.6320759057998657 -0.3831741213798523 -1.6037451028823853
-1.5498192310333252 -1.2340755462646484 -0.9620600342750549 -0.7971183061599731 -0.7857160568237305 -0.07312304526567459
-1.2247220277786255 -1.376605749130249 -1.0737063884735107 1.2815589904785156 -1.2648156881332397 0.3637511134147644
0.5929629802703857 1.497597336769104 -0.1374075710773468 -0.5460888743400574 -0.25658324360847473 -1.7013168334960938
-1.1699390411376953 -1.2883087396621704 -0.8487194180488586 -1.7103569507598877 -1.0404584407806396 -0.7311045527458191
1.3558602333068848 1.4644086360931396 0.3082523047924042 -0.6273090243339539 0.5403367877006531 0.585052490234375
0.2658545672893524 0.2601931691169739 -0.6771681308746338 -1.3226052522659302 -0.9013418555259705 -0.9718291759490967
0.980351448059082 0.6162728667259216 1.6748833656311035 1.568039894104004 1.6972600221633911 -0.7614709734916687
1.281323790550232 1.530763030052185 1.3752219676971436 0.6975669264793396 1.7889496088027954 1.2618999481201172
0.6698331236839294 1.1830486059188843 1.1864161491394043 0.8209421634674072 1.0023490190505981 -1.2350622415542603
-1.2472014427185059 -1.2133456468582153 -0.6399874687194824 -1.1561686992645264 -0.5118210911750793 -0.2781907916069031
-1.3760855197906494 -1.6029030084609985 -1.3211976289749146 -1.7114320993423462 -0.9673827886581421 -0.6302424669265747
-0.6397213339805603 -1.345468521118164 0.20619243383407593 1.4993218183517456 -0.33194056153297424 0.7814594507217407
0.26534950733184814 1.1534444093704224 2.3926188945770264 1.5229500532150269 1.8511488437652588 -0.5212228894233704
-0.8758824467658997 -0.8343375325202942 -0.07844323664903641 1.344731330871582 -0.3842858374118805 0.9426971673965454
-0.44926464557647705 0.03674341365695 0.32534730434417725 -0.030813906341791153 -0.052027374505996704 0.7553091645240784
0.10157176107168198 0.867026150226593 -0.486885666847229 -1.1383038759231567 -0.6905802488327026 -1.6118978261947632
0.1350177526473999 0.13862790167331696 -0.04773015156388283 -0.7191448211669922 0.22970491647720337 0.008370451629161835
-1.2761977910995483 -1.3794139623641968 -1.2053065299987793 1.2156630754470825 -1.0217536687850952 0.6971911191940308
1.4346826076507568 0.9629420638084412 1.1235747337341309 1.3805731534957886 1.7746553421020508 0.1537379026412964
1.3196284770965576 0.6553025245666504 1.5851099491119385 0.17972056567668915 2.203603744506836 -0.8635430932044983
-0.7253948450088501 -1.6629539728164673 -0.6344640254974365 0.3832698464393616 -1.11221182346344 -0.48862528800964355
0.5387595891952515 1.1258739233016968 1.4712810516357422 0.5152008533477783 1.5365173816680908 -1.2680859565734863
-0.44905799627304077 -0.11280448734760284 -0.6840606331825256 -1.6960660219192505 -0.5399294495582581 0.39314836263656616
0.32775580883026123 0.8900045156478882 -0.4593058228492737 -0.9842580556869507 -0.7892856597900391 -2.026672601699829
-1.974808931350708 -1.4905742406845093 -0.8751427531242371 0.40513330698013306 -0.7866414189338684 -0.10269284248352051
-0.5960307717323303 -0.7750760316848755 1.1739535331726074 0.3733375668525696 0.09861065447330475 0.7408183217048645
-1.7683992385864258 -1.4112012386322021 -0.8725109696388245 -0.6411636471748352 -0.6497598886489868 -0.32509347796440125
0.10465379059314728 0.08687128871679306 -0.14976553618907928 0.019356103613972664 -0.440254271030426 0.03390735760331154
2.0740761756896973 1.7027479410171509 1.2955784797668457 -0.38870155811309814 2.288572311401367 0.8084862232208252
0.9161091446876526 0.5392957329750061 -0.3634359538555145 -0.33093565702438354 -0.145734965801239 -1.8455487489700317
-1.006019115447998 -0.8166892528533936 -1.1925256252288818 0.26925429701805115 -0.9734379649162292 0.6962828040122986
1.3876571655273438 1.2829591035842896 1.8800156116485596 0.4658232033252716 2.263812303543091 1.1770873069763184
-0.9497730731964111 -1.1456423997879028 0.2505270838737488 0.9680013060569763 -0.47028276324272156 0.394183874130249
-0.4254957437515259 -0.5125079154968262 -1.0360095500946045 -1.2649260759353638 -0.6111172437667847 0.6227567195892334
0.2988817095756531 0.8535877466201782 -0.8295259475708008 -1.6398754119873047 -0.41700059175491333 -1.9537712335586548
0.9486269950866699 0.19253218173980713 -0.11466781049966812 -0.5568033456802368 0.16607938706874847 -1.184692621231079
1.0823116302490234 0.5315061807632446 -0.4009239673614502 -0.8227644562721252 -0.07398594170808792 -2.3206002712249756
0.06388957053422928 -0.39888978004455566 0.19311457872390747 1.6908284425735474 -0.1519334316253662 1.6471227407455444
-0.033693116158246994 0.3404659628868103 0.8102205991744995 1.3179776668548584 0.35238200426101685 0.6442716717720032
-0.13329076766967773 0.14052380621433258 -0.4536084234714508 -1.1725672483444214 -0.4763418436050415 -0.0067456248216331005
-0.9507637619972229 -0.3751038908958435 -0.16687799990177155 0.7949730157852173 -0.41709184646606445 1.2258707284927368
0.4656847417354584 0.1091449111700058 -1.7450213432312012 -1.5891176462173462 -1.3383500576019287 -0.4244082570075989
1.7117154598236084 1.5800807476043701 2.5326740741729736 1.3141015768051147 3.4232888221740723 3.08640456199646
-1.1182940006256104 -0.9886630177497864 -0.37219974398612976 -0.9522062540054321 -0.7283844351768494 -0.14164747297763824
-0.8908767104148865 -1.4176297187805176 -0.3427208960056305 1.26429283618927 -0.9306933283805847 0.4002569019794464
1.4128831624984741 1.4081804752349854 0.34877151250839233 -0.24517101049423218 0.42878079414367676 0.21474404633045197
-1.9430896043777466 -1.6637812852859497 -0.5357611179351807 -1.4676623344421387 -0.7173827290534973 -1.0299955606460571
1.014556646347046 1.3363616466522217 1.9417592287063599 0.7414712309837341 2.141152858734131 0.44891980290412903
1.644493579864502 1.4597809314727783 1.3365130424499512 0.06272809952497482 2.1143171787261963 1.4460402727127075
0.9568203687667847 0.3655723035335541 1.075430154800415 0.32427555322647095 1.330000877380371 -1.2655634880065918
-1.1380146741867065 -0.6267838478088379 0.3366917669773102 0.1962730884552002 -0.4509936273097992 0.4189933240413666
0.8285988569259644 0.07492645829916 -0.25905027985572815 0.36310848593711853 0.07386190444231033 -0.38623106479644775
-0.7969915866851807 -1.59624445438385 -0.6843924522399902 1.0714524984359741 -0.8694499135017395 0.11382920295000076
-0.7131149768829346 -0.13247163593769073 0.3457803428173065 1.055259346961975 -0.387734591960907 1.0842539072036743
-0.8306097984313965 -1.3698912858963013 -1.169914722442627 0.7192437648773193 -0.9787934422492981 0.5502902865409851
0.6194980144500732 0.6770257949829102 0.08609125763177872 0.692816436290741 0.23933947086334229 -1.518654465675354
0.804905354976654 0.8661454916000366 0.07160177826881409 -0.6845963597297668 0.14603732526302338 -1.9684962034225464
-0.08397828787565231 -0.4106937646865845 -0.5821490287780762 -0.7541723251342773 -0.7788938283920288 0.4925124943256378
-0.815402090549469 -1.524606466293335 -1.0142406225204468 0.5196540355682373 -0.846043586730957 0.08011984825134277
-0.034914497286081314 -0.5513907670974731 -0.6154977679252625 -0.653533399105072 -0.8828887939453125 0.7278317213058472
0.12993605434894562 0.6269378662109375 0.9699546098709106 1.544803500175476 0.8093552589416504 -0.024384893476963043
-0.4670274555683136 -0.5000786781311035 0.19498947262763977 1.3549894094467163 -0.16844442486763 1.1861945390701294
1.2073370218276978 1.3381428718566895 -0.6099684834480286 -1.501569151878357 -0.6416106224060059 -1.0277502536773682
-0.18465331196784973 0.09777963906526566 -1.4958915710449219 -1.2743306159973145 -1.2392561435699463 0.4634425640106201
1.2731292247772217 1.3562477827072144 2.61976957321167 1.4811739921569824 3.1319401264190674 1.847712755203247
-1.460307240486145 -0.8992605209350586 -0.8734111785888672 -1.523393154144287 -0.7296427488327026 -0.30392003059387207
-0.44039955735206604 -0.4676295816898346 -0.7073569893836975 -0.2180226892232895 -0.6596218347549438 0.9595014452934265
-1.4248809814453125 -1.530226230621338 -0.6887986063957214 -1.669905662536621 -0.8896849155426025 -0.7372474074363708
1.7117470502853394 1.3266435861587524 0.0529874712228775 -0.6021400094032288 0.45458492636680603 0.7160407304763794
1.251684308052063 1.113038182258606 2.4135773181915283 1.5841457843780518 3.004849910736084 1.115321159362793
0.3679155707359314 0.44662046432495117 0.5509613752365112 -0.00018898118287324905 0.49751174449920654 -0.9342131018638611
0.027599956840276718 -0.6708957552909851 0.6018912196159363 1.1902581453323364 0.053417790681123734 1.3529162406921387
1.1360231637954712 1.5436334609985352 -0.3663530647754669 -0.7478785514831543 -0.49455350637435913 -0.10229183733463287
-0.1788475066423416 -1.1555851697921753 -1.5536646842956543 0.07704048603773117 -0.9367836713790894 1.012543797492981
-1.7487335205078125 -1.7103852033615112 -0.6343338489532471 -0.5071311593055725 -0.4728769361972809 -0.49132493138313293
1.1410348415374756 1.0217381715774536 2.8806397914886475 1.4264897108078003 3.2009127140045166 0.6241147518157959
1.1658016443252563 1.4884876012802124 1.801100492477417 1.1636297702789307 2.1216185092926025 1.4848606586456299
-2.1601552963256836 -1.480991244316101 -0.8169261813163757 0.9481714963912964 -0.9079553484916687 0.07276427745819092
1.1756550073623657 1.6102919578552246 2.978588819503784 1.611221432685852 3.537069320678711 2.7877814769744873
-1.149085283279419 -1.4347742795944214 -0.6442044377326965 -0.8150497674942017 -0.6578839421272278 -0.15713748335838318
0.6236674189567566 0.6869840621948242 0.7600351572036743 1.2417620420455933 0.5191280245780945 -0.9532913565635681
-0.8473508954048157 -0.27059340476989746 -1.8880068063735962 -1.6896584033966064 -1.005374789237976 0.8068292140960693
0.25721848011016846 -0.5836170315742493 -0.7988884449005127 0.07773678004741669 -0.7629788517951965 0.7520124912261963
0.45184794068336487 0.823508083820343 0.09468404203653336 -0.5436998605728149 -0.05377670377492905 -1.9807608127593994
1.1081995964050293 0.3627990484237671 1.1598854064941406 1.1376932859420776 1.740829348564148 -0.7284481525421143
-1.5857489109039307 -1.3229851722717285 -1.1559096574783325 -0.5597809553146362 -0.9976633191108704 -0.18099091947078705
0.8548949360847473 0.38706639409065247 0.5776719450950623 0.9067894816398621 0.6230653524398804 -1.0879336595535278
-1.3203048706054688 -1.4531222581863403 -0.734575092792511 1.1919136047363281 -0.6618261933326721 0.24660921096801758
1.2969335317611694 0.9495382905006409 1.4068876504898071 1.2810542583465576 1.8706321716308594 -0.2517353892326355
-0.18556591868400574 -0.7936899065971375 0.05584651604294777 -0.2531467080116272 0.10901633650064468 0.7740783095359802
-0.696394145488739 -0.03287137672305107 0.6660324931144714 0.8719842433929443 -0.03900906443595886 1.1331948041915894
0.42049843072891235 -0.18579308688640594 0.21364346146583557 -0.0798959881067276 0.08498767763376236 0.3453984260559082
-1.8819893598556519 -1.6778746843338013 -1.4214164018630981 -0.35328057408332825 -0.8507105112075806 0.01692611537873745
1.4098024368286133 1.344264268875122 0.4591219425201416 0.29597437381744385 0.6848029494285583 0.41590234637260437
-1.000573992729187 -1.1951180696487427 -0.33008480072021484 1.1161614656448364 -0.5053885579109192 0.46279260516166687
0.8221433758735657 1.057149052619934 0.911853015422821 0.05558563768863678 0.8739274144172668 -1.4073138236999512
-1.058935523033142 -1.4157737493515015 -1.292494773864746 -0.9307593107223511 -0.9559046626091003 -0.19023795425891876
-0.4091326594352722 -0.6444066762924194 0.20555081963539124 0.04379824921488762 -0.22152717411518097 1.0899523496627808
-1.1039992570877075 -1.2908234596252441 -0.8390612006187439 -0.2675694227218628 -0.9690192937850952 -0.1749483346939087
-1.1400773525238037 -1.154598355293274 -0.4074711501598358 1.5723919868469238 -0.752095639705658 0.7328159809112549
0.5012786984443665 -0.03851241245865822 -0.8270421624183655 -1.3773740530014038 -0.37714943289756775 -0.4509812891483307
-0.5485831499099731 -0.36109480261802673 -0.9402186274528503 -1.3338712453842163 -0.6089771389961243 0.7180476784706116
0.9477983117103577 1.6129951477050781 -0.44501790404319763 -1.3445683717727661 -0.3206500709056854 -0.6347684264183044
-0.05153001844882965 0.34162983298301697 0.7240721583366394 1.4969156980514526 0.40131455659866333 0.476335346698761
0.3689787685871124 0.658645510673523 0.5648425221443176 0.7889111042022705 0.3845415413379669 -0.8877192735671997
-0.7174156904220581 -1.3647538423538208 -1.1630194187164307 0.6873977184295654 -0.9876898527145386 0.5794205069541931
-0.7205715775489807 -1.1261731386184692 -0.368790864944458 -0.25148725509643555 -0.4552723467350006 0.2326294481754303
0.13738596439361572 -0.40325477719306946 0.39191147685050964 -0.3035580813884735 0.3374025821685791 0.631885826587677
-0.4933522045612335 0.0014316508313640952 -0.14594058692455292 -1.289322853088379 -0.24767771363258362 0.1637045294046402
0.5858296751976013 1.3056952953338623 -0.16783152520656586 -1.22187340259552 -0.19853684306144714 -2.353423833847046
-0.15200693905353546 -0.3675708770751953 -1.3147996664047241 -1.2976380586624146 -1.2502449750900269 0.5680310130119324
2.0127663612365723 1.6921659708023071 1.1059870719909668 0.4349638521671295 1.6787275075912476 1.182166576385498
-0.38779473304748535 -1.0584466457366943 0.1682223379611969 0.10664927959442139 -0.10948176681995392 0.5809493064880371
-0.2248619943857193 -0.02219453826546669 0.5737112760543823 -1.0155489444732666 0.10031318664550781 0.09172318130731583
0.4103923439979553 -0.7254152297973633 -1.0613301992416382 -1.3511817455291748 -0.8585105538368225 0.6631278991699219
-1.7974711656570435 -1.759082555770874 -0.3754771947860718 0.8974718451499939 -0.6885567903518677 -0.12292645871639252
1.4902700185775757 0.9311769604682922 0.31242233514785767 0.054371174424886703 0.8998830318450928 -0.8168079853057861
0.7246776819229126 0.2026839554309845 -0.4121277928352356 -1.5530363321304321 -0.2816169559955597 -1.6229926347732544
0.834955096244812 1.5782287120819092 1.2805936336517334 0.3981989920139313 1.0429638624191284 -0.3391807973384857
-1.0201959609985352 -0.7232040762901306 -0.7095541954040527 0.6121737957000732 -0.4854423403739929 0.8390842080116272
2.190655469894409 1.4971847534179688 1.6150821447372437 0.7647328972816467 2.7828760147094727 1.7613508701324463
1.7985180616378784 1.7265329360961914 2.7502520084381104 1.6914875507354736 4.036691188812256 3.1113364696502686
0.7250431776046753 1.0644927024841309 -0.2734990119934082 -0.9111364483833313 -0.2176603227853775 -2.132734775543213
-0.14582329988479614 -0.6978502869606018 -0.636902391910553 1.1358633041381836 -0.8387221097946167 1.4019290208816528
0.6586491465568542 0.16804729402065277 1.75640070438385 1.6710015535354614 1.4730294942855835 0.34990736842155457
1.321470856666565 1.0738780498504639 0.8578636050224304 0.019742397591471672 1.0123155117034912 -0.5788533091545105
-0.14854314923286438 -0.4405057728290558 -0.5263553857803345 -0.7764930129051208 -0.7293134331703186 0.6537401080131531
1.7995139360427856 1.2427854537963867 1.1918445825576782 0.35788607597351074 1.6937288045883179 1.2971878051757812
-1.1587998867034912 -1.2431472539901733 -0.9856406450271606 -0.5569081902503967 -0.7668727040290833 -0.20795203745365143
-1.4138838052749634 -0.9371612668037415 -0.22439998388290405 0.6118850708007812 -0.4775021970272064 0.1550734043121338
-0.5790607929229736 -0.7504021525382996 -1.1735347509384155 -1.1505920886993408 -0.7701985836029053 0.7993790507316589
-1.072085976600647 -0.09026522189378738 -0.8621667623519897 -1.704146146774292 -0.7013632655143738 0.27760571241378784
1.1215283870697021 0.6149168610572815 0.8989532589912415 0.147249236702919 1.288272738456726 -1.279400110244751
1.2382123470306396 1.3920561075210571 0.6919810175895691 -0.2763175070285797 0.9569301009178162 -0.06757566332817078
-0.24571137130260468 -0.49140027165412903 0.3097609579563141 0.8565394878387451 -0.05066903308033943 1.2428410053253174
0.11421991884708405 0.03158358857035637 0.36461907625198364 -0.5868831276893616 0.06587041169404984 0.0784015879034996
1.0953501462936401 0.5214472413063049 1.0435771942138672 0.28512483835220337 1.2467454671859741 -1.4949511289596558
-0.8709362745285034 -1.3032505512237549 -0.44623029232025146 0.570075273513794 -0.30699992179870605 0.4780123233795166
1.604052186012268 1.6839807033538818 1.9435415267944336 1.4775795936584473 2.636166572570801 2.6898818016052246
-0.5390320420265198 0.023784926161170006 0.6780263185501099 1.5957196950912476 0.31633517146110535 1.5981996059417725
0.566612720489502 -0.22798839211463928 0.10836152732372284 -0.16052283346652985 0.6047189831733704 0.16835720837116241
-0.350717693567276 0.29663699865341187 1.4456207752227783 1.2371572256088257 0.24726730585098267 1.0530226230621338
-1.2701281309127808 -0.7532262206077576 -0.7383578419685364 -0.07136256247758865 -1.1536122560501099 0.3995369076728821
0.3815893828868866 0.7087821364402771 0.1644105762243271 -0.09983974695205688 0.013490677811205387 -1.5906555652618408
0.5809981226921082 0.8905603289604187 0.6664846539497375 0.34204331040382385 0.7038736939430237 -1.6695047616958618
-0.5160045027732849 0.003514466807246208 -0.7953015565872192 -0.08503858000040054 -0.4902743697166443 1.0222042798995972
0.20226173102855682 0.7872933149337769 1.765946388244629 0.9503132104873657 1.358189344406128 -0.31635478138923645
-0.12596353888511658 -0.9228861331939697 -0.01053404901176691 0.6643434166908264 -0.17023220658302307 0.8861576914787292
-0.5451430678367615 -0.995708703994751 -1.3122107982635498 -1.0930653810501099 -0.9612329602241516 0.7110137343406677
0.4513702690601349 0.31065645813941956 0.9677221775054932 0.25224971771240234 0.7007490992546082 -0.547968327999115
-1.5617520809173584 -1.1406359672546387 -1.2261382341384888 -1.5130201578140259 -0.5972135663032532 -0.22407807409763336
-0.3011239767074585 0.13375449180603027 0.15460899472236633 0.9605740904808044 -0.39220672845840454 0.8050995469093323
0.10074666887521744 0.001275997725315392 1.1933149099349976 1.6318142414093018 0.9050513505935669 1.2422542572021484
0.2164018303155899 -0.555934727191925 -0.47529542446136475 -0.7168920636177063 -0.7065097689628601 0.620497465133667
1.1448900699615479 0.5183224081993103 1.7331773042678833 1.111512303352356 1.6364003419876099 -0.7769182920455933
0.9923487305641174 0.35351452231407166 1.9352562427520752 1.5944907665252686 2.3083431720733643 0.011672352440655231
0.12878350913524628 0.3442823886871338 1.3142601251602173 1.5072921514511108 0.554369330406189 0.17461642622947693
-0.36380335688591003 -0.39012542366981506 -0.8493918180465698 -1.053417444229126 -0.3608624339103699 0.7626957893371582
0.15872260928153992 0.7286924719810486 2.0658771991729736 1.480676293373108 1.6353230476379395 0.146066352725029
0.9847804307937622 0.7182219624519348 1.4696850776672363 1.5334552526474 1.490918755531311 -0.7126514315605164
0.7951105237007141 0.34214046597480774 0.5441982746124268 0.8251090049743652 0.4464476704597473 -1.0522270202636719
-0.701880931854248 -0.03475535660982132 0.17446954548358917 0.6007198095321655 -0.07563800364732742 0.7077136635780334
-0.1527378410100937 -0.844719648361206 0.16464294493198395 0.6056492924690247 0.0219915509223938 0.9148162603378296
1.1938313245773315 0.7475301027297974 -0.4103981852531433 -1.0646060705184937 -0.08781471103429794 -2.1446382999420166
1.2807774543762207 1.6616487503051758 1.5780284404754639 0.4195196032524109 1.5566846132278442 1.1146509647369385
0.16262392699718475 0.08627166599035263 -0.661797046661377 0.07625064253807068 -0.5774902105331421 0.3093188405036926
-0.5483535528182983 -1.7649240493774414 -0.6091603636741638 0.210198774933815 -0.17156237363815308 -0.022077277302742004
-2.0799100399017334 -1.4856911897659302 -1.0161116123199463 1.2149231433868408 -1.043843150138855 0.31827312707901
-0.3425520360469818 0.40636980533599854 -0.987551748752594 -1.4569611549377441 -0.91678786277771 -0.10643354058265686
-1.5650355815887451 -0.9570150971412659 -0.19822834432125092 0.5175244808197021 -0.5217968821525574 0.14623034000396729
1.208196759223938 0.20407623052597046 -0.2855994999408722 -0.11320295929908752 -0.5803959965705872 -1.4737969636917114
0.7598475813865662 0.8107477426528931 2.017662286758423 1.4197299480438232 1.6410107612609863 -0.6684293150901794
1.0330650806427002 1.3587442636489868 1.5978244543075562 -0.11164017766714096 1.70054292678833 -0.19104908406734467
-0.20412909984588623 -0.722229540348053 -0.13333949446678162 -0.937475323677063 -0.1587013304233551 0.34941720962524414
-0.837134599685669 -1.4501590728759766 -1.179473876953125 1.3088314533233643 -0.8531539440155029 0.5419392585754395
0.442138135433197 0.9608319401741028 -1.7437880039215088 -1.543104648590088 -1.8418147563934326 -1.8636276721954346
-0.6092823147773743 -1.6793287992477417 -1.4711586236953735 -0.6563623547554016 -0.9657476544380188 -0.42876502871513367
-0.46610063314437866 -0.6454170346260071 0.2779501676559448 1.6302951574325562 -0.28679582476615906 1.328852653503418
-1.085909128189087 -0.7775223851203918 -0.79383784532547 0.11373841017484665 -1.1607190370559692 0.5169329047203064
-1.0015621185302734 -1.2698923349380493 -0.19515268504619598 -1.3077267408370972 -0.6634598970413208 -0.5555273294448853
-0.3517698645591736 -0.3870086073875427 -0.11642593890428543 0.12725409865379333 -0.3070757985115051 0.7614191174507141
0.7861464023590088 1.068060278892517 0.9644576907157898 0.17477886378765106 0.7813699245452881 -1.4647990465164185
0.0028956180904060602 -0.6374440789222717 -0.8451444506645203 -0.6453142762184143 -0.3296492099761963 0.8593477606773376
-0.5983436107635498 -0.5342995524406433 0.23360297083854675 1.6302868127822876 -0.6121633648872375 1.1589266061782837
-1.2418222427368164 -0.5488770604133606 -0.5461907982826233 -0.011367150582373142 -0.6339527368545532 0.6909547448158264
0.4866885244846344 0.08788369596004486 0.41710180044174194 -0.6495184898376465 0.5748925805091858 -0.5944116115570068
0.3203250467777252 -0.3598395586013794 -1.1824451684951782 -1.423105001449585 -0.6550220251083374 0.5166096091270447
0.8729587197303772 0.18687209486961365 -0.11972867697477341 -0.9081304669380188 0.07643618434667587 -1.3484419584274292
1.31179678440094 1.5390549898147583 2.3431572914123535 1.2108348608016968 2.585150957107544 2.0822153091430664
-0.8130084872245789 -1.2881333827972412 -0.9233506917953491 -1.4277147054672241 -0.8262296915054321 -0.3947349488735199
0.6017414331436157 1.0711479187011719 1.2304991483688354 0.7750625610351562 0.7675645351409912 -1.145500659942627
0.8139942288398743 0.8588446378707886 -1.0492702722549438 -1.2304993867874146 -1.0069465637207031 -2.2951149940490723
0.585831880569458 0.3321078419685364 1.28423273563385 1.4903541803359985 0.9524264335632324 -0.23540379106998444
0.7111971974372864 0.13036829233169556 0.025846930220723152 1.0392001867294312 0.3179754316806793 -0.3589659035205841
-0.13587148487567902 -0.752679705619812 0.40294867753982544 1.1302839517593384 -0.0753590390086174 1.0261751413345337
0.3735278248786926 0.5225417613983154 -0.15911245346069336 0.3309938311576843 0.013089741580188274 -0.9564100503921509
-0.045425545424222946 -0.9080190062522888 -0.1388191133737564 1.6096440553665161 -0.18015241622924805 1.289562702178955
0.7312663793563843 0.4038146436214447 -0.952478289604187 -1.1851615905761719 -0.7770208120346069 -1.8288779258728027
0.1929103136062622 0.5187781453132629 -1.1941810846328735 -1.1259831190109253 -1.0510581731796265 -1.0278372764587402
0.6863518357276917 1.3768583536148071 1.3127825260162354 0.10359562933444977 0.9520761370658875 -1.1522971391677856
0.3149641156196594 -0.42842260003089905 -0.31995126605033875 -0.012304211966693401 0.002894050907343626 0.7545652985572815
-2.263094902038574 -1.7414145469665527 -0.8990351557731628 -1.2592016458511353 -1.1599539518356323 -0.9168207049369812
-2.101841688156128 -1.5048638582229614 -1.341806173324585 0.31639575958251953 -0.9898709654808044 0.1769571155309677
0.49887481331825256 0.6073262095451355 1.0456849336624146 1.6024274826049805 1.2267651557922363 -0.5011104345321655
-2.000171661376953 -1.2507420778274536 -1.30270516872406 -0.8629574179649353 -0.7383890748023987 -0.03656420484185219
-0.4358452558517456 -0.620215117931366 0.23254433274269104 1.5955545902252197 0.08937839418649673 1.5084137916564941
-0.7993966937065125 -1.4879194498062134 -0.7579864263534546 0.4044094681739807 -0.8039149045944214 -0.11991343647241592
-0.6272462010383606 -1.0996863842010498 -0.717223584651947 -1.463970422744751 -0.622892439365387 -0.13016442954540253
0.9122815132141113 1.2772862911224365 2.586230754852295 1.0888798236846924 2.621961832046509 0.4035239517688751
-0.5992763042449951 -0.1278238147497177 0.8822212219238281 0.6562418937683105 -0.022653933614492416 0.7819421887397766
-1.9114679098129272 -1.1030863523483276 -0.9883726239204407 -0.6214081048965454 -0.7752941250801086 -0.22620457410812378
-1.3812321424484253 -0.7814438939094543 -0.4465688467025757 -0.0646582841873169 -1.1664081811904907 -0.15738992393016815
1.3670125007629395 0.4051203727722168 1.0181962251663208 0.8666813373565674 1.5873265266418457 -1.0654419660568237
0.7858380675315857 1.4938675165176392 -0.31808945536613464 -1.4596656560897827 -0.30291756987571716 -1.112816572189331
-0.5763816237449646 -0.812998354434967 0.1559852510690689 1.293673038482666 -0.26084592938423157 1.0515767335891724
-0.6781731843948364 0.013214558362960815 -0.5606513023376465 -0.3839726448059082 -0.7482454776763916 0.6795467138290405
-0.792806088924408 0.21142005920410156 -0.2902935743331909 -1.411811351776123 -0.5297792553901672 0.2664774954319
0.7245202660560608 0.07736628502607346 -0.5490440130233765 -1.1664988994598389 -0.3180767297744751 -0.9514681696891785
1.1103014945983887 0.9620912075042725 0.4095241129398346 -0.6876994371414185 0.5191093683242798 -1.6304248571395874
-0.00639313505962491 0.49896740913391113 -0.7806455492973328 -0.9366720914840698 -0.5935496091842651 -0.5110030174255371
0.03181253373622894 0.41504621505737305 0.9053491353988647 0.7570501565933228 0.22439086437225342 -0.10071978718042374
-1.9563394784927368 -1.5850344896316528 -1.0976967811584473 -0.5389534831047058 -0.9518629908561707 -0.3669925034046173
0.5319888591766357 0.4970476031303406 -0.2791713774204254 -0.7949540019035339 -0.25533077120780945 -1.4600869417190552
-1.7541974782943726 -1.5357155799865723 -1.1650265455245972 0.49416422843933105 -1.051553726196289 0.011595685966312885
0.7290626168251038 0.6086199879646301 1.5915937423706055 1.1431432962417603 1.5227380990982056 -0.9138227105140686
-1.5097745656967163 -1.7162002325057983 -1.3915865421295166 0.5973607897758484 -0.784652829170227 0.061662767082452774
-0.8866722583770752 -0.6083149909973145 -0.7661787867546082 0.9656291604042053 -0.8533742427825928 1.0317537784576416
0.34683844447135925 0.701549768447876 0.7177718877792358 0.08199501037597656 0.6317970156669617 -1.3450191020965576
-0.047273069620132446 0.46325117349624634 0.736774742603302 0.9249721765518188 0.5265869498252869 0.09352520108222961
-0.04427256062626839 0.3740028738975525 -0.1919870674610138 -0.5315234661102295 -0.4903518259525299 -0.5113015174865723
0.4806375205516815 0.39695248007774353 0.3340936005115509 -0.18382267653942108 0.17545880377292633 -0.7717195153236389
-0.6143936514854431 -0.2226671725511551 0.17313921451568604 1.2347667217254639 0.39710357785224915 1.703200101852417
1.4005173444747925 1.2132271528244019 1.3498765230178833 0.4429728388786316 1.785609483718872 0.9620664119720459
1.2273993492126465 1.402315616607666 1.693079948425293 0.48932477831840515 1.7193458080291748 0.6534345746040344
0.0903356671333313 -0.5075510740280151 -0.33270853757858276 -0.6934699416160583 -0.2556231617927551 0.6263172626495361
-0.07441754639148712 0.5798130631446838 1.0557777881622314 0.8746989369392395 0.4945107102394104 0.0013358568539842963
-0.31619828939437866 -0.4288773238658905 0.3716107904911041 0.4022000730037689 -0.2714700996875763 0.9834135174751282
0.543066143989563 0.15836645662784576 0.9558963775634766 0.8062719106674194 0.7766112685203552 -0.17109811305999756
-0.6842151880264282 -1.6585298776626587 -1.3944282531738281 1.4402966499328613 -0.9954890012741089 0.6416690945625305
1.5065135955810547 1.2475755214691162 1.079759955406189 0.7309504151344299 1.4513952732086182 0.6908936500549316
-0.259223997592926 -0.14476004242897034 0.6953344941139221 0.8549530506134033 0.4320929944515228 1.0296210050582886
-1.0263687372207642 -0.308417409658432 1.235084056854248 0.996705174446106 -0.006414560601115227 1.0341352224349976
-0.7365493774414062 -1.3911395072937012 -1.214051604270935 -1.4840333461761475 -1.1855138540267944 -0.4372726380825043
-1.03578782081604 -0.5571005940437317 -0.3714183270931244 0.06369667500257492 -0.5857841968536377 0.7802910804748535
0.7633176445960999 1.552485466003418 3.335409641265869 1.3115578889846802 3.1349453926086426 1.5925177335739136
-0.3680400848388672 -0.6925011277198792 -0.47559046745300293 -0.4623022675514221 -0.511628270149231 0.7880910038948059
0.8073920011520386 0.016500933095812798 -0.6845836043357849 -1.2478049993515015 -0.2735961973667145 -0.9900208711624146
1.796790599822998 1.5221468210220337 -0.007032944355159998 -1.4440898895263672 0.484876424074173 0.6633363366127014
-0.5117729902267456 -0.8718737959861755 -0.1384076327085495 0.9423007369041443 -0.3793730139732361 0.6974778771400452
-0.4933152198791504 -1.2132847309112549 -0.6781929731369019 -1.0667550563812256 -0.3673747479915619 0.31798648834228516
0.7688748240470886 0.5775540471076965 1.4357126951217651 1.1303892135620117 1.3012571334838867 -0.8731717467308044
-0.7921784520149231 -1.009561538696289 -0.7925630807876587 -1.0746946334838867 -0.946449875831604 -0.08162621408700943
-1.0495679378509521 -0.718124508857727 0.376672625541687 0.5306029319763184 -0.2747337818145752 0.412127286195755
-0.9114367365837097 -1.6777833700180054 -0.8499186635017395 1.0032387971878052 -0.6056069135665894 0.03362062945961952
-0.8078352808952332 -0.4679872691631317 -0.7956543564796448 -1.2192742824554443 -0.8840044140815735 0.5302851796150208
-1.6891266107559204 -0.8875108361244202 0.04298499599099159 0.2585149109363556 -0.3715338408946991 0.2255890965461731
-0.6844606995582581 -1.6466962099075317 -0.7223227620124817 -1.253557562828064 -0.5724104642868042 -0.6236492395401001
0.009789114817976952 -0.4913788139820099 -1.6867761611938477 -1.6830960512161255 -1.2467272281646729 0.8032227754592896
-0.964067280292511 -0.7178143858909607 -0.8106915354728699 -0.08136465400457382 -0.8381872177124023 0.537485659122467
-1.5259407758712769 -1.3636656999588013 -1.4441462755203247 -0.13571284711360931 -0.8161824941635132 0.4715529680252075
-0.9793498516082764 -0.6468936204910278 0.22375686466693878 0.08909637480974197 -0.5142475962638855 0.4480961561203003
-0.5507350564002991 0.1460271179676056 0.7068464756011963 0.905762255191803 0.047708287835121155 1.1644474267959595
-0.19076232612133026 -0.8394064903259277 -0.9462594985961914 -1.5170880556106567 -0.6118826866149902 0.7180308103561401
0.2408471554517746 0.21081982553005219 -1.1398379802703857 -1.1754145622253418 -0.8189989924430847 -0.49636441469192505
0.5057305097579956 -0.006599060259759426 -0.7610495686531067 -0.3686477243900299 -0.6493000984191895 0.015771405771374702
1.8724075555801392 1.6347918510437012 1.0889919996261597 -0.14424176514148712 1.8017383813858032 1.6320948600769043
1.0890750885009766 0.43036210536956787 0.0024735559709370136 -1.039562702178955 0.34560322761535645 -2.2100610733032227
-1.9788403511047363 -1.601685881614685 -0.7032788395881653 -1.5668387413024902 -0.7255746126174927 -1.320817232131958
1.0086349248886108 1.4573256969451904 0.11949470639228821 -0.44897499680519104 0.20245954394340515 -0.5085025429725647
-0.9154486060142517 -0.08468063175678253 0.31268537044525146 0.5336425304412842 0.024525994434952736 0.9371615052223206
0.20982037484645844 0.8868376016616821 -0.4764338433742523 -0.26134198904037476 -0.7308900952339172 -1.6688247919082642
-1.467348575592041 -0.8580058217048645 0.03296540305018425 1.7001829147338867 -0.3507400453090668 0.6748530268669128
-1.0998876094818115 -1.661100149154663 -1.9714386463165283 -0.6394315958023071 -1.3413925170898438 0.16770431399345398
0.22116214036941528 0.12650802731513977 0.608672022819519 0.6536192893981934 0.3949549198150635 0.16547589004039764
1.351314902305603 1.2647607326507568 1.818570613861084 0.4985896944999695 2.481977701187134 0.7544301152229309
-0.8730776906013489 -0.1871311068534851 0.03389156982302666 1.423989176750183 -0.49337756633758545 1.1957272291183472
0.498033732175827 -0.19104647636413574 -0.636983335018158 -0.9932228922843933 -0.4034440219402313 -0.16508984565734863
-1.7015286684036255 -1.7101608514785767 -1.1154954433441162 -0.8179696202278137 -1.0120258331298828 -0.7071487307548523
-0.17837406694889069 -0.07753296941518784 -1.2529739141464233 -1.72336745262146 -1.0826822519302368 0.5677632093429565
2.0362327098846436 1.3545937538146973 -0.4914640784263611 -1.3226124048233032 -0.17469565570354462 0.6680781841278076
0.372734934091568 0.5045307278633118 -0.9240989685058594 -0.15169313549995422 -0.7423363924026489 -0.9719248414039612
1.4526143074035645 1.3711966276168823 1.806390643119812 0.5999208092689514 1.9146398305892944 1.3709776401519775
-0.7474474906921387 -0.37484684586524963 0.18548862636089325 1.3713531494140625 -0.21265527606010437 1.1947753429412842
-0.6988958120346069 -0.8525515794754028 0.07989989221096039 1.3502461910247803 -0.011929151602089405 1.314191460609436
1.4703096151351929 0.9060477614402771 0.3581860363483429 -0.6475198864936829 0.7462335228919983 -0.8859997391700745
0.5072144865989685 0.8591358065605164 -0.07381872832775116 -0.15502004325389862 0.09712206572294235 -1.7017394304275513
0.5836328268051147 0.058463260531425476 0.5995132923126221 1.297997236251831 0.6572473049163818 0.09576960653066635
1.374722957611084 0.9654069542884827 0.8918779492378235 0.6411130428314209 1.1062301397323608 -0.5310977697372437
-0.788935661315918 -0.7696329355239868 -0.6204078793525696 -0.6428395509719849 -0.44459080696105957 0.6483214497566223
2.0414352416992188 1.5525150299072266 1.3970152139663696 -0.39337751269340515 2.163280725479126 1.0105092525482178
1.4468079805374146 1.48386812210083 1.7934850454330444 0.9389527440071106 2.5270349979400635 1.8826844692230225
-1.3054641485214233 -1.0192562341690063 -0.38009265065193176 0.5101490616798401 -0.7482475638389587 0.3586362898349762
1.1946440935134888 1.1425139904022217 -0.45721369981765747 -0.9921140670776367 -0.144296333193779 -1.0755228996276855
0.19007204473018646 -0.3427148759365082 -0.41313326358795166 0.610113263130188 -0.6154754757881165 0.9920341372489929
-0.9307173490524292 -0.6444618701934814 -0.9614288210868835 -0.5670261383056641 -1.0354773998260498 0.442521333694458
0.8687077760696411 1.4497637748718262 0.19428785145282745 -0.8696834444999695 -0.027302473783493042 -1.079283595085144
0.3217034935951233 -0.28618955612182617 -0.9319412112236023 0.21132008731365204 -0.9025964140892029 0.8008469939231873
0.7462887763977051 0.05428313836455345 0.8835120797157288 1.0863133668899536 0.9749127626419067 0.07050806283950806
-1.0360840559005737 -0.6329975128173828 -0.3235711455345154 0.7269452810287476 -0.93787682056427 0.6501474976539612
-0.10155077278614044 0.2847106456756592 -1.002960443496704 -1.190700650215149 -0.6193172335624695 0.11561726033687592
1.198488473892212 0.8506109118461609 1.2409298419952393 0.12728391587734222 1.3947447538375854 -1.0019629001617432
-0.3918672204017639 0.4290277659893036 -0.5317785739898682 -0.6871809959411621 -0.7622244954109192 0.025626445189118385
-0.6647922992706299 -0.7606454491615295 -1.028831958770752 -1.0625169277191162 -0.4592970311641693 0.38415560126304626
0.39542055130004883 0.516021192073822 0.1363500952720642 -0.45860621333122253 0.20528768002986908 -1.3417878150939941
0.6586076021194458 0.9121602177619934 1.9380701780319214 1.4749008417129517 1.6959242820739746 -0.6435368061065674
1.4453679323196411 1.4484845399856567 3.30049991607666 1.5923248529434204 3.7040631771087646 3.143331527709961
-0.028863487765192986 0.22829057276248932 0.29235967993736267 -0.013849961571395397 -0.14113835990428925 0.07271968573331833
-0.8846861124038696 -1.4394973516464233 -0.6994916796684265 1.5138905048370361 -0.664788544178009 0.6562095284461975
-0.32045066356658936 -0.4116668999195099 0.7073565721511841 1.5030759572982788 0.12958389520645142 1.6580718755722046
-0.8412128686904907 -0.5275400280952454 0.20161837339401245 -0.27117446064949036 -0.4118352234363556 0.5414872765541077
-0.35002028942108154 -1.5707745552062988 -0.7556847929954529 -0.09577209502458572 -0.5195398330688477 -0.07509301602840424
-0.7505584359169006 -1.0713797807693481 0.0012769666500389576 1.5823204517364502 -0.45340496301651 1.1138821840286255
0.5336628556251526 0.49643221497535706 0.458834707736969 0.29835009574890137 0.6832703948020935 -1.0534398555755615
-1.2464370727539062 -1.2167285680770874 -0.544935405254364 1.0746418237686157 -0.8546063303947449 0.4840531647205353
1.1579476594924927 0.6749927997589111 0.7385861873626709 0.22063134610652924 0.9454567432403564 -1.6323684453964233
-0.5341544151306152 -0.3337065875530243 -1.1179704666137695 -1.628899097442627 -0.8300855159759521 0.4532982110977173
-0.3544456958770752 0.05305655673146248 0.06739424169063568 0.32894113659858704 -0.20773179829120636 0.7251464128494263
-0.08953496813774109 -0.8107776045799255 -0.35552048683166504 0.26552432775497437 -0.425803542137146 0.7051786184310913
0.9481536746025085 0.502765417098999 1.4726742506027222 0.6940249800682068 1.2731350660324097 -1.3036251068115234
-1.449798345565796 -0.900637149810791 -0.8169493079185486 -0.17435519397258759 -0.7335662245750427 0.2628351151943207
-0.8387629389762878 -1.287047028541565 -0.8641784191131592 -1.0238786935806274 -0.5647808313369751 -0.10171609371900558
1.6166505813598633 1.4300434589385986 2.112973690032959 1.22812020778656 2.6221234798431396 2.3100833892822266
0.4199690818786621 -0.5951435565948486 -0.8817703723907471 -0.4537718594074249 -1.1334569454193115 0.600139856338501
1.768104910850525 1.5007046461105347 -1.288862943649292 -1.1756014823913574 -0.9860763549804688 0.7293516993522644
-0.024675479158759117 -0.9393539428710938 -0.9332637190818787 0.203224778175354 -0.8136383295059204 0.9644054770469666
-0.5636229515075684 0.10714919120073318 -0.20420601963996887 0.3171285390853882 -0.39109840989112854 0.8022308945655823
1.3206514120101929 1.3328521251678467 0.5557436347007751 -0.49397075176239014 0.8901553750038147 0.030039839446544647
1.306844711303711 1.088715672492981 -0.5590161085128784 -1.4093494415283203 -0.2794731855392456 -1.1964528560638428
-2.117440700531006 -1.5039559602737427 -1.1859561204910278 -1.2835354804992676 -0.7416974306106567 -0.5688034296035767
0.004002287518233061 0.4757503867149353 1.1612263917922974 0.6252856850624084 0.5235222578048706 0.009091994725167751
-0.1503995954990387 0.6531943082809448 -0.6454820036888123 -1.0070887804031372 -0.4370177984237671 -0.6415395736694336
0.09059376269578934 0.9361888766288757 1.028874158859253 1.2837742567062378 0.7531800270080566 -0.6828756928443909
-1.2936499118804932 -1.0082391500473022 -1.5217629671096802 0.3382546901702881 -1.1995126008987427 0.9538887739181519
-1.317838430404663 -1.140725016593933 -0.2582126557826996 -0.24614259600639343 -0.8346301913261414 0.05077214166522026
-1.454639196395874 -0.6966379284858704 0.0006953085539862514 0.7735429406166077 -0.4945327937602997 0.2884099781513214
-1.381816029548645 -0.6863672137260437 -0.8300747871398926 -0.6903810501098633 -0.6697975993156433 0.12275266647338867
-0.4049553871154785 0.017307648435235023 -0.962397575378418 -0.7685592770576477 -0.8374523520469666 0.7303252816200256
0.0613689087331295 0.11732371151447296 -0.311963826417923 -0.7220233678817749 -0.31791558861732483 -0.19526365399360657
1.1989284753799438 0.6690472364425659 1.5132478475570679 1.6977214813232422 1.4800957441329956 -0.9020650386810303
1.8527790307998657 1.616476058959961 0.38447028398513794 -0.34347832202911377 0.7824376821517944 1.0872397422790527
0.09473994374275208 0.08043312281370163 0.5510545372962952 -0.39837250113487244 0.3108453154563904 0.04839318245649338
0.26028069853782654 -0.17941151559352875 0.7120053768157959 0.9398354887962341 0.34372758865356445 0.8733767867088318
-0.6624091267585754 -0.648524284362793 -0.8985444903373718 -0.8775004148483276 -0.9696028232574463 0.441226601600647
0.8843175768852234 1.2920260429382324 -1.343709945678711 -1.6139434576034546 -1.1059224605560303 -1.701397180557251
1.4560128450393677 1.661412239074707 2.2623133659362793 0.8692609667778015 3.018789529800415 2.430943489074707
1.3027801513671875 1.3556983470916748 2.2183549404144287 1.2012721300125122 2.6356911659240723 1.4060204029083252
1.6457849740982056 0.9174700975418091 -0.7032730579376221 -1.3097233772277832 -0.7032842636108398 -1.1069790124893188
-1.6671615839004517 -1.1753747463226318 -0.025990143418312073 -1.4534937143325806 -0.5815067887306213 -0.8453017473220825
-0.8734620213508606 -1.7718801498413086 -0.7353700399398804 1.683780550956726 -1.0656304359436035 0.2284955531358719
-0.2662113904953003 0.2973419725894928 -1.396200180053711 -1.473515272140503 -1.0091438293457031 0.22338926792144775
1.894371747970581 1.2464045286178589 1.8514617681503296 1.6925058364868164 2.783879280090332 2.165858030319214
-0.6832661032676697 0.43976882100105286 0.2407846748828888 0.32617318630218506 -0.17631177604198456 0.5450905561447144
0.3366423547267914 0.15843075513839722 0.7305256724357605 0.5628536939620972 0.5614485740661621 0.04229344055056572
-0.7270104289054871 0.11655957996845245 -0.647131085395813 -0.7749872207641602 -0.7773988842964172 0.6052600741386414
1.1227482557296753 1.6153531074523926 -0.3115483820438385 -1.5344512462615967 -0.34683042764663696 -0.5476399660110474
1.1667102575302124 1.283118486404419 2.0126349925994873 1.428551435470581 2.1999459266662598 0.9258256554603577
-0.037098173052072525 0.8423980474472046 0.1839280128479004 -0.28019943833351135 0.0935351550579071 -0.8567152619361877
0.6460676789283752 1.3685414791107178 3.107145309448242 1.6909815073013306 2.7528464794158936 0.6567380428314209
1.830014944076538 1.1969614028930664 -0.8681541085243225 -0.8189525604248047 -0.6018796563148499 0.2878265976905823
0.8882133364677429 0.10111253708600998 -0.39357590675354004 -0.29049503803253174 -0.1852072924375534 -1.1636247634887695
0.773483395576477 0.9441064596176147 -0.14857199788093567 -1.1165796518325806 -0.6010936498641968 -2.6859211921691895
-0.8591915965080261 -0.9100782871246338 -0.2539907693862915 1.3370596170425415 -0.5224828720092773 0.8472354412078857
0.9628692269325256 0.31615301966667175 -0.4048740863800049 -0.7263715863227844 -0.2570367157459259 -1.6644827127456665
0.6874704360961914 0.5489079356193542 0.17889605462551117 -1.147080421447754 0.2725546658039093 -1.941967248916626
0.5406926274299622 0.037089958786964417 0.10574489086866379 -0.40886545181274414 0.2389502376317978 -0.5012398362159729
-0.42937496304512024 0.38902702927589417 0.6684693098068237 0.5443911552429199 0.419607013463974 0.6226142048835754
0.35385867953300476 0.6231300234794617 0.5918903946876526 0.6784037947654724 0.39800888299942017 -1.1254868507385254
-1.3232630491256714 -1.6088594198226929 -0.7089120745658875 -0.1406765729188919 -1.0318665504455566 -0.6546872854232788
0.7950763702392578 1.382678747177124 0.31108394265174866 -0.7566481828689575 0.29488465189933777 -1.5060594081878662
-0.7414432168006897 -0.443820983171463 0.31681203842163086 1.3171998262405396 -0.28350865840911865 1.2346481084823608
0.46146059036254883 0.7609977722167969 -0.031794462352991104 -0.5040254592895508 0.14475645124912262 -1.7281054258346558
-1.6692743301391602 -1.4078829288482666 -0.47706156969070435 -0.7213621735572815 -0.6986465454101562 -0.544735312461853
-1.5967669486999512 -1.2235357761383057 -1.5905954837799072 -0.7432312369346619 -0.7740263938903809 0.3587566316127777
0.7262944579124451 -0.2068045437335968 -0.42406991124153137 -0.378609299659729 -0.429779052734375 0.03988402336835861
-0.23172004520893097 -0.17494626343250275 -0.5567799210548401 -0.8187768459320068 -0.5317420363426208 0.588401734828949
0.3174123466014862 0.44482114911079407 1.835732340812683 1.6017794609069824 1.3880455493927002 0.1700645536184311
-1.1254063844680786 -0.3459409177303314 -0.18052957952022552 -1.1295747756958008 -0.32291409373283386 0.15458421409130096
-1.4889566898345947 -1.2309019565582275 -1.2021098136901855 -1.4840340614318848 -0.9701665639877319 -0.4407789707183838
0.31199371814727783 0.3516508936882019 0.8310332298278809 1.033528447151184 0.6702077984809875 -0.1956382691860199
-1.0046290159225464 -0.9997497797012329 -0.802184522151947 1.0770080089569092 -0.9970441460609436 0.7955141067504883
1.086119532585144 1.4402227401733398 1.2696871757507324 0.359277606010437 1.1840877532958984 0.07716847211122513
0.7151327729225159 0.5236969590187073 -0.2820552885532379 -0.4846872091293335 -0.45905420184135437 -1.649925947189331
-0.4841664731502533 -1.3679592609405518 -0.9755929708480835 1.0364290475845337 -1.0455933809280396 0.728358268737793
-1.3507344722747803 -1.022875189781189 -1.2160946130752563 -1.0841256380081177 -0.6883670091629028 0.14923684298992157
0.300559401512146 -0.07862095534801483 0.7376639246940613 0.287827730178833 0.36624205112457275 0.3695874810218811
0.045342136174440384 -0.5551799535751343 0.9685983657836914 1.5553925037384033 0.027087971568107605 1.1514440774917603
-1.1478387117385864 -0.7192023992538452 -0.06985820084810257 1.3155499696731567 -0.44808635115623474 0.8513774275779724
-2.059441328048706 -1.7059361934661865 -1.2283934354782104 -0.3057646155357361 -0.684756875038147 0.05546454340219498
-0.8374084830284119 -0.9704429507255554 0.13179680705070496 1.120740294456482 -0.38332870602607727 0.8515192270278931
-0.3231584429740906 0.11285234987735748 0.9469122290611267 1.6056253910064697 0.3859517574310303 1.162743091583252
-0.9342219233512878 -1.1829582452774048 -0.5479403734207153 0.24502791464328766 -0.7508981823921204 0.1784599870443344
-1.065793752670288 -1.2471015453338623 -1.3494634628295898 -0.3357144892215729 -1.0645054578781128 0.4676898419857025
0.3879621922969818 0.6801124811172485 -0.1940893530845642 -0.9883729815483093 -0.4938026964664459 -1.7982851266860962
-1.9378559589385986 -1.6772432327270508 -2.0280141830444336 0.5636934041976929 -1.067955493927002 0.7265521883964539
-0.9860917925834656 -1.4118423461914062 -0.8716484308242798 -0.6583036184310913 -0.7738879919052124 -0.18880565464496613
0.6590954065322876 0.7348332405090332 1.4234367609024048 0.7452645301818848 1.1844881772994995 -1.2306201457977295
1.379809021949768 1.1741441488265991 -0.9965634346008301 -1.4280859231948853 -0.9902752041816711 -0.8215704560279846
-0.05332586169242859 -0.30032044649124146 0.4805721938610077 -0.06313464790582657 0.12552723288536072 0.4158867597579956
-0.10767441987991333 -0.4651687443256378 -1.0396970510482788 -0.07212188839912415 -0.9372990727424622 1.092908263206482
1.999436855316162 1.5699272155761719 0.21650101244449615 -0.9713867902755737 0.5878374576568604 0.2913013696670532
0.28881746530532837 1.097715139389038 0.4123441278934479 -0.06803473830223083 0.3474014401435852 -1.7755213975906372
-0.5766077041625977 -0.643519937992096 0.49209219217300415 0.003409002907574177 -0.1866447776556015 0.6117796897888184
-0.2651267349720001 -0.3442818820476532 -0.802232027053833 -1.1801795959472656 -0.7152091860771179 0.7739700078964233
1.1404677629470825 0.7991859316825867 -0.4129960834980011 -1.0791757106781006 -0.08608347922563553 -1.897201657295227
0.9900405406951904 1.5461100339889526 -0.2678282558917999 -1.3115519285202026 -0.01370617002248764 -0.7700329422950745
-2.0299205780029297 -1.6396609544754028 -0.40652212500572205 1.721213698387146 -0.8575319647789001 0.03906899318099022
0.4371286928653717 1.0035183429718018 1.6356383562088013 1.2482415437698364 1.3544838428497314 -1.018278956413269
0.22208206355571747 0.7241659760475159 0.8886784315109253 0.6316546201705933 0.6144393682479858 -1.055918574333191
-0.43783149123191833 -1.1666231155395508 -0.8444335460662842 0.13048605620861053 -0.5905006527900696 0.6352729201316833
-0.2646786570549011 -0.6221349835395813 0.3212738335132599 0.10879763215780258 0.06069594621658325 0.808965265750885
-0.3219195306301117 -1.15374755859375 -1.432399034500122 -0.9744430184364319 -1.145850419998169 0.2695719599723816
-1.42304265499115 -0.77329021692276 0.2108156532049179 1.350021481513977 -0.6895881295204163 0.3157205879688263
-0.29391559958457947 -0.6819872260093689 -0.6431401968002319 -0.1416420340538025 -0.740127444267273 0.8335005044937134
0.10350140929222107 0.3916785418987274 0.4703385531902313 0.27219146490097046 0.22774836421012878 -0.35006311535835266
-0.1455482542514801 -0.12308207154273987 0.03033967688679695 0.2805294990539551 -0.36895236372947693 0.8265460133552551
-0.46853208541870117 -0.8254257440567017 -0.8618661761283875 -0.8469122052192688 -1.012873649597168 0.2969975471496582
-0.3094561994075775 -1.3061426877975464 -0.9960932731628418 -0.7832581400871277 -1.0815318822860718 -0.11950243264436722
0.2968963086605072 0.21090276539325714 -1.2368173599243164 -1.2351001501083374 -1.0302517414093018 -0.5007877945899963
0.7572529315948486 0.45373740792274475 -0.42265722155570984 -0.48707735538482666 -0.2916535437107086 -1.877150058746338
0.5063534379005432 0.06348065286874771 -0.40473806858062744 0.24822403490543365 -0.0475081205368042 -0.1482229232788086
-1.4249260425567627 -0.9749012589454651 -0.3330685794353485 0.3327811360359192 -0.9169386625289917 0.07850231230258942
-0.3693974018096924 -0.02621541917324066 1.024321436882019 1.4682321548461914 0.012251855805516243 1.3847129344940186
-0.8450019359588623 -0.06645403802394867 -1.2713159322738647 -0.2568957805633545 -1.0987416505813599 1.1204819679260254
0.8164995312690735 1.121716856956482 0.5970916748046875 -0.4928303360939026 0.7523919343948364 -1.8188494443893433
0.7731525897979736 1.6581337451934814 2.450378894805908 1.4871480464935303 2.052835464477539 0.6654046773910522
1.115391492843628 1.3505786657333374 -0.9724924564361572 -1.0454152822494507 -0.7355036735534668 -0.6407307386398315
-0.649989128112793 -0.5200339555740356 -0.32990410923957825 -0.18572105467319489 -0.542651891708374 0.7015592455863953
1.5571198463439941 1.3093165159225464 -1.0881577730178833 -1.3442065715789795 -0.7512783408164978 0.2309165596961975
1.519738793373108 1.153335690498352 1.6251872777938843 1.0918999910354614 2.2502617835998535 0.9494203329086304
0.4567926824092865 1.0520986318588257 -1.146073818206787 -1.507179856300354 -1.0497082471847534 -2.09682035446167
-1.0750339031219482 -1.57476806640625 -1.5784670114517212 -1.136326551437378 -1.2259308099746704 -0.22860637307167053
-1.4367156028747559 -1.67746901512146 -1.4394017457962036 1.3338712453842163 -0.7855221629142761 0.5253034830093384
-1.9603171348571777 -1.4875679016113281 -1.2459543943405151 0.38447439670562744 -0.7243089079856873 0.23638129234313965
-1.0039825439453125 -0.19408908486366272 0.7282631993293762 1.591648817062378 -0.09818918257951736 1.2285126447677612
2.0208816528320312 1.6226681470870972 -0.2274296134710312 -0.7210837006568909 -0.07062322646379471 0.6739073395729065
0.09087269008159637 -0.09693574160337448 1.0310213565826416 1.5517234802246094 0.5041111707687378 0.9553115367889404
-0.6819903254508972 -0.25936660170555115 -0.7408103942871094 -1.0852395296096802 -0.8329094648361206 0.6072523593902588
-0.19827039539813995 -0.7636556029319763 -1.0214152336120605 -1.543094277381897 -0.9051339030265808 0.527434766292572
0.20072200894355774 0.589693009853363 1.322158932685852 1.3638523817062378 0.9359034895896912 -0.15390439331531525
-1.6129716634750366 -1.0002024173736572 -0.3424927294254303 0.2685379683971405 -0.5809617638587952 -0.1705198436975479
-1.9795444011688232 -1.569809913635254 -0.8596718907356262 -1.0197287797927856 -0.7466681003570557 -0.7204784154891968
-0.07944707572460175 -0.6072465777397156 -0.8278768658638 -0.5890293717384338 -1.1490669250488281 0.6680272817611694
-0.06864370405673981 0.5666557550430298 0.6083865761756897 0.33198100328445435 0.026486385613679886 -0.34518811106681824
0.9570971727371216 0.8201539516448975 0.25391414761543274 -0.8550012111663818 0.60945725440979 -1.5974041223526
-0.8498445749282837 -1.0214343070983887 -0.6917571425437927 1.1832449436187744 -0.6242547035217285 1.1270240545272827
0.6984264254570007 1.2252299785614014 1.2966692447662354 0.5689122676849365 1.1145620346069336 -1.158556580543518
0.9847084879875183 0.7832634449005127 1.637934684753418 0.517116367816925 1.6407713890075684 -1.3169913291931152
-0.9963471293449402 -1.009757161140442 -1.4515419006347656 -1.375339150428772 -1.2187639474868774 0.07247884571552277
-0.9338446259498596 -1.0459411144256592 -1.0126569271087646 1.137529730796814 -1.0088906288146973 0.6468457579612732
1.4390132427215576 1.4545135498046875 1.638093113899231 0.20051470398902893 2.189772129058838 1.3234062194824219
-0.254040390253067 -0.29262617230415344 -0.6003798842430115 0.16816802322864532 -0.4997938871383667 1.1290957927703857
-1.173630952835083 -0.6412996053695679 -0.03412913158535957 1.3026758432388306 -0.5728670358657837 1.1321032047271729
0.21265633404254913 -0.25493478775024414 -1.1353882551193237 -1.7257280349731445 -1.2334810495376587 -0.19932231307029724
0.5131164193153381 0.12401118874549866 1.945228934288025 1.735319972038269 1.4855750799179077 0.5415460467338562
-1.7176454067230225 -1.6716972589492798 -1.0782674551010132 1.0849924087524414 -0.9436227083206177 0.2030053436756134
0.5679852962493896 0.6999461650848389 -0.8469181656837463 -0.7389453053474426 -0.5706972479820251 -1.900801181793213
1.226967215538025 1.1691486835479736 -0.13831335306167603 -0.22476890683174133 -0.126702219247818 -0.5977331399917603
0.5019909739494324 0.8181500434875488 -0.20913557708263397 -0.5879691243171692 -0.47758740186691284 -2.1999802589416504
-0.44658368825912476 0.32343101501464844 -0.7578414082527161 -1.6953977346420288 -0.4913119971752167 0.02902694046497345
-1.9659632444381714 -1.3862942457199097 -0.9107478260993958 -0.11981015652418137 -0.7772096991539001 -0.3654994070529938
0.13447342813014984 -0.01273116935044527 1.0130698680877686 1.1547266244888306 0.3932824432849884 0.7759742140769958
0.3560270071029663 -0.15924912691116333 -0.9947673678398132 -0.9095298647880554 -1.1783671379089355 -0.0772005170583725
-1.378564476966858 -1.7066781520843506 -1.119544506072998 0.9545610547065735 -1.0607531070709229 0.08273796737194061
1.0058358907699585 1.063337802886963 1.295620083808899 1.0352612733840942 1.6747366189956665 -0.47752687335014343
-0.017694631591439247 1.18841552734375 1.6430244445800781 1.2397152185440063 1.180891752243042 -0.5664440989494324
1.4788247346878052 1.615087866783142 1.944474458694458 1.3088454008102417 2.4761171340942383 2.345655679702759
0.6509074568748474 1.3066736459732056 2.3576347827911377 1.0886081457138062 1.7445608377456665 -0.3761780858039856
0.3010820150375366 0.7653021812438965 -1.454259991645813 -1.2087428569793701 -1.137283444404602 -1.5094481706619263
0.14884664118289948 -0.40092191100120544 -0.9078370332717896 -1.6600302457809448 -0.5885649919509888 0.3534291982650757
0.24934491515159607 0.12939272820949554 0.8604131937026978 0.9118526577949524 0.8105297088623047 0.36537492275238037
-1.9831024408340454 -1.681132197380066 -1.0048234462738037 0.7255859375 -0.834980845451355 0.18492808938026428
0.49451759457588196 0.7677433490753174 1.2501684427261353 1.3464926481246948 0.9825862050056458 -1.1872042417526245
-1.5660207271575928 -1.2513426542282104 -1.79453444480896 -1.1449991464614868 -1.2793877124786377 0.16370190680027008
-0.8164787888526917 -0.09314236789941788 -0.9853307604789734 -0.3398991525173187 -0.3198067247867584 1.2516839504241943
0.15435263514518738 0.6126208901405334 1.4486050605773926 0.9036218523979187 1.145979881286621 -0.2538411021232605
1.1667946577072144 1.4791529178619385 2.90031099319458 1.499893069267273 3.1290171146392822 2.2351112365722656
0.29091423749923706 0.6197089552879333 0.3088156282901764 -0.347162663936615 0.11133542656898499 -1.3853825330734253
0.5937361121177673 1.1727683544158936 0.6076200604438782 -0.30646881461143494 0.6577329039573669 -1.801896572113037
-1.1921093463897705 -0.6240443587303162 -1.4104984998703003 -1.1520519256591797 -0.9444675445556641 0.30800923705101013
-0.6787210702896118 -0.21660301089286804 -0.9051604866981506 -0.911536693572998 -0.9926573634147644 0.4873589277267456
-1.146531343460083 -0.7591099143028259 -0.5267488360404968 -1.340036153793335 -0.9230769872665405 -0.30700090527534485
0.1975460648536682 0.6631541848182678 -0.9942767024040222 -1.5185309648513794 -0.8415905237197876 -1.3831653594970703
-2.1146795749664307 -1.4305988550186157 -1.716686487197876 -1.2075811624526978 -0.8020480275154114 -0.20445416867733002
-0.7403358817100525 -0.979719340801239 -0.9710339307785034 -0.7057583332061768 -0.8150340914726257 0.16542094945907593
1.2486393451690674 0.5705516338348389 0.7073519229888916 0.7998789548873901 1.1429860591888428 -1.5004767179489136
-0.008418829180300236 -0.27424755692481995 0.2612367272377014 -0.2355232685804367 0.144470676779747 0.7020537257194519
-0.34602755308151245 0.5699864625930786 0.4381331205368042 -0.10061445832252502 -0.026966335251927376 0.11071009188890457
0.5860360860824585 0.751389741897583 -0.6020405292510986 -1.2447563409805298 -0.23026977479457855 -2.132786989212036
0.5836313366889954 0.6989959478378296 -1.0384125709533691 -1.4524141550064087 -0.855491578578949 -2.1098756790161133
0.3654817044734955 -0.2514762878417969 0.7852781414985657 1.5441734790802002 0.5322420597076416 1.0537865161895752
0.9916785955429077 1.4096440076828003 0.37805458903312683 0.1487010270357132 0.4862578213214874 -0.35473868250846863
-0.39383918046951294 -0.24374860525131226 -0.2636786699295044 -0.05307590961456299 -0.22258582711219788 0.8597859144210815
0.6587189435958862 0.6326249241828918 -1.3307368755340576 -1.2107595205307007 -0.7677136659622192 -1.5919140577316284
-0.4175746440887451 -1.0399401187896729 -0.7135310173034668 -1.3999942541122437 -0.6342847943305969 0.11920780688524246
-2.1853559017181396 -1.2946335077285767 -0.8091421723365784 -1.7282191514968872 -0.8466288447380066 -0.9180136919021606
0.6490756869316101 0.6092072129249573 -0.03877376392483711 -0.7782799005508423 0.19697025418281555 -2.1603519916534424
1.1095106601715088 1.5721231698989868 -0.3201090395450592 -1.3077392578125 -0.03206458315253258 -0.2545490860939026
-0.17640696465969086 -0.5187646746635437 0.1630498319864273 1.5431592464447021 0.0794285237789154 1.4332917928695679
1.7101916074752808 1.648978352546692 0.12823449075222015 -0.6288408637046814 0.6355796456336975 0.8891074657440186
1.3313547372817993 1.6364253759384155 -0.6808022856712341 -1.7163554430007935 -0.87494295835495 -0.21498622000217438
-1.4875417947769165 -0.8673382997512817 -0.9400866031646729 0.9720826745033264 -0.6149423122406006 0.8897256255149841
1.4403821229934692 1.5225776433944702 -0.5505514144897461 -1.472489833831787 -0.06759735941886902 0.3745368719100952
0.045417141169309616 0.4607604146003723 2.151193141937256 1.627557635307312 1.3792368173599243 0.9208113551139832
-0.6162378191947937 -0.186430424451828 0.7425166964530945 0.3736313283443451 0.3076275885105133 1.1430797576904297
-1.330269455909729 -1.4444363117218018 -0.10398493707180023 0.8950463533401489 -0.5477285981178284 -0.08552791178226471
1.8838881254196167 1.4263681173324585 2.3183274269104004 1.7350356578826904 3.2417008876800537 2.845376491546631
1.8559963703155518 1.44988214969635 1.2746063470840454 0.8725605607032776 2.1741139888763428 1.9623606204986572
-0.2147030234336853 -0.6182355284690857 -0.9643558859825134 -0.8761652112007141 -1.1830146312713623 0.5817874670028687
1.106351375579834 1.0895042419433594 -1.196637749671936 -1.5859123468399048 -0.7265672087669373 -1.518423318862915
-0.6136820316314697 -0.4315546751022339 0.5984987020492554 1.269910454750061 -0.5961131453514099 1.0214942693710327
0.6683416366577148 1.6587954759597778 -0.5079188346862793 -1.0238333940505981 -0.282319039106369 -1.3178348541259766
-1.3781697750091553 -1.4625048637390137 -0.5460925102233887 -0.02600189857184887 -0.6127403378486633 -0.5045316219329834
0.8017451167106628 1.0527561902999878 -0.1797613650560379 -1.0144293308258057 -0.22332526743412018 -1.9963510036468506
1.5214203596115112 1.4861607551574707 0.9020660519599915 0.34763795137405396 1.422149419784546 1.0605616569519043
1.2269693613052368 0.5935730338096619 1.9408442974090576 1.2925816774368286 2.467228889465332 -0.2555510997772217
1.8600215911865234 1.2675789594650269 2.5913729667663574 1.729119062423706 3.4707255363464355 3.2545480728149414
1.2854266166687012 1.2190669775009155 -0.5348790287971497 -1.7285093069076538 -0.06969921290874481 -0.8994707465171814
-1.3244048357009888 -0.933669924736023 -0.6639573574066162 -1.0353248119354248 -0.6702432632446289 0.23033033311367035
-0.7871777415275574 -0.5050930380821228 -0.203871950507164 1.3115965127944946 -0.3395901024341583 1.523832082748413
-0.1907806396484375 0.9040360450744629 -0.13270792365074158 -1.3644511699676514 -0.29405421018600464 -1.4789330959320068
0.04720252752304077 0.3341885209083557 0.2739415764808655 0.6498950719833374 -0.40576857328414917 -0.15488462150096893
-1.2352596521377563 -1.007712483406067 -0.10717260092496872 1.303170084953308 -0.5726442933082581 0.4964580535888672
0.9070144891738892 1.6063493490219116 2.6962730884552 1.7052150964736938 2.7574355602264404 1.5319621562957764
-0.07208849489688873 -0.8928020000457764 -0.7008358240127563 -1.0782874822616577 -0.5954640507698059 0.469184011220932
0.0056386287324130535 -0.0807795375585556 -0.5999680161476135 -0.24909672141075134 -0.9481616020202637 0.7093974947929382
-1.1804066896438599 -1.6855647563934326 -0.5694146156311035 -0.5783395767211914 -0.6269035935401917 -0.5083957314491272
-1.2032872438430786 -1.2601513862609863 -0.9266518950462341 1.3682037591934204 -0.8410019278526306 0.7880651950836182
-0.14781104028224945 -0.47817084193229675 -0.5180369019508362 -1.1681747436523438 -0.5304848551750183 0.39926689863204956
0.5139670968055725 0.2773352265357971 0.438356876373291 0.9106321930885315 0.3250184655189514 -0.4409966468811035
-0.9395909905433655 -0.48008236289024353 -0.7508177757263184 -0.5153523087501526 -0.6234261393547058 0.618047833442688
0.4300600290298462 0.7386343479156494 1.2671717405319214 0.6758500337600708 0.9255796074867249 -1.1597509384155273
1.3303577899932861 1.3397494554519653 0.3901434540748596 -0.26571139693260193 0.6897627115249634 -0.06533181667327881
1.6419404745101929 1.320375919342041 -0.19052796065807343 -1.3532994985580444 0.3119315207004547 0.06720619648694992
-0.3396611511707306 -0.5629006028175354 0.279400497674942 0.3288966715335846 -0.2566244602203369 0.7929034233093262
-0.751208484172821 -0.3520045876502991 0.092889703810215 0.586524248123169 -0.22941803932189941 0.6842083930969238
1.199170708656311 0.7562599778175354 -0.8196356892585754 -1.4473768472671509 -0.8033273816108704 -2.236706256866455
-1.8157374858856201 -1.6714824438095093 -0.43469345569610596 0.4658058285713196 -0.7726754546165466 -0.36889714002609253
-0.05514796823263168 -0.35152795910835266 -0.5333812236785889 -0.8652865886688232 -0.5597838759422302 0.5869104862213135
-1.2052335739135742 -0.9656590223312378 -0.47367867827415466 -0.7539988160133362 -0.6979382038116455 -0.23138247430324554
0.05523737892508507 0.5964042544364929 -0.8436385989189148 -1.340100646018982 -0.737769365310669 -1.1053472757339478
-2.2803807258605957 -1.6539705991744995 -1.0896646976470947 -1.4289827346801758 -0.9732701778411865 -0.7990630865097046
-0.6130837202072144 -0.5009571313858032 -0.6928685307502747 0.1524161547422409 -0.7001129984855652 0.9511174559593201
-0.7856170535087585 -1.7568267583847046 -0.8869872093200684 1.0041749477386475 -0.536201000213623 0.3750433623790741
-0.7973477244377136 -1.4919501543045044 -0.9741842746734619 -0.6903595328330994 -0.868438184261322 -0.23572371900081635
1.627184510231018 1.6806573867797852 1.2921185493469238 0.034321222454309464 1.962847113609314 1.2935845851898193
-1.0788743495941162 -1.0165783166885376 -1.505501627922058 -0.4679413437843323 -1.126990556716919 0.41777509450912476
1.0150978565216064 1.4613856077194214 0.7930448055267334 -0.12027114629745483 0.6052412986755371 -0.14581233263015747
-1.509257197380066 -1.1439716815948486 -1.2126713991165161 -1.2010926008224487 -0.9368791580200195 -0.09902749210596085
1.1193360090255737 0.8754299283027649 -0.32978570461273193 -1.0819693803787231 -0.265537828207016 -2.411740303039551
1.0722111463546753 0.14316986501216888 0.4829551577568054 -0.8141294121742249 0.44470635056495667 -1.5692644119262695
0.6597636938095093 0.9182446002960205 -0.7536179423332214 -1.1965326070785522 -0.7284445762634277 -2.332324504852295
-0.7331832051277161 -1.087262749671936 -0.8199051022529602 0.08266081660985947 -0.7946104407310486 0.4713887870311737
-1.3177123069763184 -1.6899694204330444 -1.0381102561950684 1.4101301431655884 -0.7804239988327026 0.3435898721218109
-0.47377076745033264 -1.1785329580307007 -1.3287172317504883 -1.5732204914093018 -1.277665376663208 0.0577012374997139
-0.3258480429649353 0.41646549105644226 0.8589511513710022 0.5621622204780579 0.14393354952335358 0.43563055992126465
-1.628277063369751 -1.1468762159347534 -0.7785995602607727 -0.28914129734039307 -0.8123831152915955 -0.26653262972831726
-1.6461458206176758 -1.231432557106018 -0.4136333465576172 1.732667088508606 -0.8981921076774597 0.5749884843826294
-0.8408075571060181 -0.041326604783535004 0.4463833272457123 0.5187374353408813 -0.34670501947402954 1.2199383974075317
1.2542221546173096 0.9927862286567688 -0.028848126530647278 -1.4304678440093994 0.5794268846511841 -1.5289615392684937
-0.4848165214061737 -0.2705991566181183 -1.0432279109954834 -1.3902064561843872 -1.054526925086975 0.4752437472343445
0.5428006052970886 -0.1358385533094406 0.46066802740097046 -0.3073233962059021 0.35279181599617004 -0.36212238669395447
-1.4493608474731445 -1.5604362487792969 -0.8296445608139038 0.3921056389808655 -0.414009690284729 -0.07671213895082474
1.497939944267273 1.6328593492507935 -0.09948024153709412 -1.3052623271942139 0.11711727827787399 0.601362943649292
-1.5113669633865356 -1.383327841758728 -0.4601595401763916 1.2433017492294312 -0.897107720375061 0.03540360927581787
0.7181347608566284 0.9615699052810669 -0.1840517669916153 -0.33873286843299866 -0.05044696480035782 -1.9041193723678589
-1.2754524946212769 -1.5655454397201538 -0.35562896728515625 1.3446775674819946 -0.43996661901474 0.14719681441783905
-0.7826017737388611 -1.6452784538269043 -0.7595155835151672 -0.44120919704437256 -0.6925379037857056 -0.5473390817642212
-1.0596152544021606 -1.4914151430130005 -0.9489448666572571 -0.6300420761108398 -0.7376683950424194 -0.09390927106142044
-0.10096274316310883 0.677768886089325 2.005209445953369 0.5568990111351013 1.1650912761688232 0.047705985605716705
0.35867053270339966 -0.581173300743103 0.05730259045958519 0.9505871534347534 0.2716374397277832 1.4456621408462524
1.0962845087051392 0.7157337665557861 1.4257490634918213 0.5292959213256836 1.7650971412658691 -1.0611951351165771
2.0736873149871826 1.5845321416854858 -0.20650029182434082 -1.1270257234573364 0.30685678124427795 0.2814107835292816
-0.7638079524040222 -0.19523121416568756 -0.5984005928039551 -1.0025554895401 -0.47432777285575867 0.5968871116638184
-1.144338846206665 -0.5682750940322876 -0.732388436794281 -0.7088209986686707 -0.8783650994300842 0.42805275321006775
0.16711333394050598 0.4230707287788391 1.9456229209899902 1.5722012519836426 1.2828221321105957 0.35806524753570557
-0.8185794353485107 -1.1932533979415894 -0.2019510269165039 1.670156717300415 -0.17610876262187958 1.0175758600234985
-0.5817667841911316 -1.4509172439575195 -1.535630464553833 -1.4372516870498657 -1.1911131143569946 -0.18750035762786865
-0.9930971264839172 -0.23210614919662476 0.22660088539123535 -0.10762570798397064 -0.47808265686035156 0.3028731346130371
-0.0800231546163559 -0.013364896178245544 0.1397002786397934 1.1926435232162476 -0.1674557775259018 0.9991640448570251
-1.0426448583602905 -1.5620156526565552 -0.939127504825592 1.5694544315338135 -0.667188286781311 0.5688634514808655
0.7678882479667664 1.343981146812439 0.5675577521324158 0.08360658586025238 0.664817750453949 -1.1024651527404785
0.25936079025268555 0.388640433549881 -0.585427463054657 -0.4996146559715271 -0.7291863560676575 -1.013515591621399
1.3403981924057007 0.814949095249176 -0.2142205685377121 -0.997341513633728 0.05981619656085968 -1.8501516580581665
0.083589106798172 0.5083617568016052 1.1640777587890625 1.1788866519927979 0.7380603551864624 -0.13322359323501587
0.28136324882507324 0.4306337237358093 0.19429415464401245 -0.8454346060752869 0.27450209856033325 -1.1861894130706787
-0.05041157826781273 0.08765169233083725 0.030404655262827873 -1.0990062952041626 -0.28155195713043213 -0.08485577255487442
-0.5696468949317932 -1.163727879524231 -0.19401660561561584 1.1503175497055054 -0.38278624415397644 0.7448555827140808
1.2274444103240967 0.6945446133613586 -0.20420335233211517 -0.29575932025909424 0.04604879021644592 -1.7819823026657104
-1.6863003969192505 -1.7664647102355957 -0.8941130638122559 -0.8930799961090088 -0.8169217109680176 -0.6631070971488953
0.13895398378372192 0.37384411692619324 0.3129566013813019 -0.14029088616371155 0.07284454256296158 -0.6870802044868469
0.6422134041786194 0.2362348437309265 0.6523211002349854 1.4878654479980469 0.5236091017723083 -0.1436002105474472
-1.2340917587280273 -0.41014817357063293 -0.7870498299598694 -1.09452486038208 -0.6902872920036316 0.38540714979171753
-0.03718321770429611 0.7643574476242065 -1.0648728609085083 -1.2813795804977417 -1.1177432537078857 -1.0754401683807373
-0.005870653782039881 0.07808432728052139 -0.8900444507598877 -1.5975406169891357 -0.8415703773498535 -0.056351982057094574
0.21874208748340607 1.4313709735870361 2.0266366004943848 1.3674653768539429 1.5284744501113892 -0.534631609916687
1.0687921047210693 1.230703592300415 1.0499732494354248 0.8967722654342651 1.6064420938491821 0.00026828653062693775
0.2955262064933777 0.6493038535118103 0.3718850910663605 -0.000788130157161504 0.3790830373764038 -1.0835628509521484
1.3494304418563843 0.9114989638328552 2.214601516723633 1.6098823547363281 2.673892021179199 0.42769861221313477
0.16434119641780853 -0.43541187047958374 0.15185734629631042 1.5295815467834473 -0.07756777107715607 1.374855637550354
0.010023850947618484 0.9353630542755127 -0.397070050239563 -1.1350138187408447 -0.8281410932540894 -1.7430347204208374
1.1786082983016968 1.4153823852539062 1.524090051651001 0.055161915719509125 1.9257769584655762 0.3544299006462097
0.12095178663730621 0.4234674870967865 0.4587189555168152 -0.08690400421619415 0.1758747398853302 -0.488334059715271
0.49121296405792236 0.7595905065536499 -1.2876733541488647 -1.6654763221740723 -0.9463809728622437 -2.068979263305664
-0.4578031003475189 -0.24732227623462677 -1.1599375009536743 -1.0738940238952637 -0.8773521184921265 0.6950216293334961
-1.9694737195968628 -1.313841462135315 -0.9944167733192444 1.3480829000473022 -0.7202567458152771 0.4214805066585541
1.0883333683013916 1.2635444402694702 0.2515949606895447 -0.44658949971199036 0.05363394320011139 -1.2761526107788086
0.6522132158279419 0.20724685490131378 -1.3772544860839844 -1.510417103767395 -1.388604760169983 -1.4083819389343262
-0.2789011597633362 -0.36306682229042053 -0.06656580418348312 0.12403939664363861 -0.02472407929599285 0.9130969643592834
0.7022836804389954 1.1229866743087769 1.7796223163604736 0.9634469151496887 1.7681241035461426 -0.7799400687217712
-0.8977692723274231 -1.7743009328842163 -0.5491040945053101 -0.548637866973877 -0.7653319239616394 -0.9781601428985596
0.8479286432266235 1.4347232580184937 1.7691129446029663 0.7778451442718506 1.590606927871704 -0.3714617192745209
0.6954967975616455 0.6358941793441772 0.6582286953926086 0.15921878814697266 0.7464900612831116 -1.7562662363052368
0.41642045974731445 0.34277138113975525 0.9535326957702637 0.4760241210460663 0.8364371061325073 -0.3113170564174652
-0.008373759686946869 0.29249513149261475 1.5733017921447754 1.3111108541488647 0.8300127387046814 0.7669989466667175
0.63881516456604 0.41849154233932495 0.9361015558242798 1.139311671257019 0.5793351531028748 -0.6012699604034424
-0.5290869474411011 -0.7529844045639038 -0.333217591047287 0.2862359583377838 -0.2802029252052307 0.936773955821991
1.8748940229415894 1.598422884941101 0.756038248538971 -0.5199049115180969 1.1993656158447266 0.8836302161216736
1.2164973020553589 1.5525439977645874 2.9936509132385254 1.5560897588729858 3.029315233230591 2.5696463584899902
-1.0042057037353516 -0.9863724112510681 -0.8607495427131653 0.8268411755561829 -0.7713420391082764 0.8374524116516113
0.6405147314071655 0.28963327407836914 0.5080295205116272 0.29480063915252686 0.6763766407966614 -0.7954113483428955
-0.769336998462677 -1.6885203123092651 -0.6756508946418762 1.312416911125183 -0.6312264204025269 0.17330385744571686
0.0743621215224266 -0.5186753869056702 -0.5325034856796265 -0.7390839457511902 -0.8512311577796936 0.5836415886878967
0.48472723364830017 1.2188814878463745 -0.4114173948764801 -1.267629623413086 -0.41855037212371826 -2.266233205795288
-0.7590031623840332 -1.53994882106781 -1.776394009590149 -0.6044861078262329 -1.0171763896942139 0.3571249842643738
-0.7772262692451477 -0.37645700573921204 -0.6006613373756409 -1.2672200202941895 -0.9973090291023254 0.34786245226860046
-0.5773003101348877 -0.5632416009902954 0.26352307200431824 0.009637715294957161 -0.19952191412448883 0.6841210126876831
-0.47949427366256714 -0.31240659952163696 -0.49900126457214355 -0.26023000478744507 -0.4558029770851135 0.8214318156242371
0.544518232345581 0.669611930847168 -0.24998106062412262 0.21062807738780975 -0.26665782928466797 -1.5439977645874023
0.04707150533795357 0.5137319564819336 0.5747425556182861 1.2520513534545898 0.3245171904563904 -0.08049312978982925
-0.890925407409668 -0.3788944184780121 0.20438483357429504 0.7827248573303223 -0.3295547366142273 0.8872964978218079
1.0376580953598022 1.622074842453003 2.4742534160614014 1.6897093057632446 2.5964114665985107 1.9579122066497803
1.9682972431182861 1.6885617971420288 0.2664795219898224 -1.184326171875 0.6924558281898499 0.38873180747032166
-0.5666317343711853 -1.211696982383728 0.25471264123916626 0.4959969222545624 -0.423924058675766 0.20518112182617188
0.8926615715026855 1.7009466886520386 0.5136760473251343 -0.12743790447711945 0.642329216003418 -0.1560950130224228
0.6670321226119995 0.9314650893211365 0.11262369900941849 -1.13314688205719 0.09198220074176788 -2.49406099319458
-0.997542142868042 -0.7751603126525879 -0.4478486180305481 -0.43081364035606384 -0.4785569906234741 0.38666343688964844
-0.22178800404071808 -0.8355055451393127 0.010703226551413536 1.481260895729065 -0.3436569273471832 1.1592729091644287
1.3986966609954834 1.1875823736190796 0.5809242725372314 0.42650309205055237 0.8574520945549011 0.1576802134513855
0.9579312801361084 0.5889233350753784 0.9118838906288147 1.5402783155441284 1.1564178466796875 -0.9403729438781738
1.3956431150436401 1.4908534288406372 -0.003673817031085491 -0.8547006845474243 -0.08527638018131256 0.24267123639583588
-1.4908266067504883 -1.4232343435287476 -0.4684365391731262 -0.031530577689409256 -0.9463493824005127 -0.30040374398231506
1.6383506059646606 1.3652410507202148 1.0105055570602417 0.6054505109786987 1.5698057413101196 1.1442526578903198
0.9715415239334106 1.3766226768493652 1.3921936750411987 1.112520694732666 1.4132307767868042 0.11711485683917999
0.4095710813999176 1.218765377998352 0.3164181411266327 0.3273634612560272 0.2386746108531952 -2.019850254058838
-0.8898558020591736 -1.006718397140503 -0.9084022641181946 0.9445156455039978 -0.6994488835334778 0.759636640548706
0.28308138251304626 0.17018629610538483 -0.7855674028396606 -0.34262022376060486 -0.7736097574234009 -0.4371103048324585
-0.33819669485092163 0.08361054956912994 -1.2109084129333496 -0.8289694786071777 -0.8821163773536682 0.6892194151878357
-0.2151002138853073 -0.8729720115661621 0.03594024479389191 1.0377395153045654 -0.01959194615483284 1.175878643989563
1.6729960441589355 1.6548757553100586 1.0058408975601196 -0.7749480605125427 1.537550687789917 0.8053121566772461
1.7058390378952026 1.2813737392425537 1.3515554666519165 0.409882515668869 1.643616795539856 1.4412970542907715
1.356968879699707 0.8024022579193115 -0.3210061490535736 -0.6307812929153442 -0.013850418850779533 -1.645554780960083
-0.9685913920402527 -0.818318247795105 -0.6064702272415161 -1.2176121473312378 -0.5200172662734985 -0.010110574774444103
1.405015230178833 1.4625771045684814 0.008836676366627216 -0.7127206325531006 -0.02879813127219677 0.1853533536195755
-0.8258771300315857 -0.8248381614685059 -0.03527533635497093 -0.00016859632160048932 -0.4182606339454651 0.4294787049293518
0.6711572408676147 0.7677227258682251 1.0710219144821167 0.40934279561042786 1.0087237358093262 -1.3542640209197998
-0.8204251527786255 -1.3242801427841187 -0.3398711383342743 0.8259506225585938 -0.22098711133003235 0.4372076094150543
-0.7951570153236389 0.08604802936315536 0.04095810279250145 -0.11276944726705551 -0.7901682257652283 0.666763424873352
1.0579431056976318 1.2464038133621216 1.1803277730941772 0.177773118019104 0.973125159740448 -0.47120895981788635
0.14289243519306183 -0.15253782272338867 -0.27522608637809753 -1.2580983638763428 -0.14932036399841309 0.17446593940258026
-1.9762239456176758 -1.6684149503707886 -1.9113105535507202 -1.7058825492858887 -1.3174328804016113 -0.48422935605049133
-1.021121859550476 -1.5361409187316895 -1.491061806678772 0.7654333710670471 -0.8485938310623169 0.7633969783782959
-1.5104739665985107 -1.7019257545471191 -0.9494733214378357 1.5673216581344604 -0.4866359233856201 0.33170899748802185
-0.9605462551116943 -0.5967340469360352 0.4947291612625122 0.6757156848907471 -0.42933961749076843 0.6613563895225525
-0.6658551692962646 -1.1417949199676514 -1.0802663564682007 -0.43853479623794556 -0.8529022336006165 0.5749526619911194
-0.7468452453613281 -0.7959052324295044 -0.35349950194358826 -0.4120737314224243 -0.4843160808086395 0.4727798402309418
0.08129924535751343 0.017683664336800575 0.5766757726669312 0.8717419505119324 -0.22037562727928162 0.32323822379112244
-1.4176578521728516 -1.50612211227417 -0.7339534163475037 1.6844813823699951 -0.7460252642631531 0.6082886457443237
-1.585584044456482 -1.728196382522583 -0.872334361076355 -0.7291840314865112 -0.7729687094688416 -0.801569402217865
-0.275882363319397 -1.0205976963043213 -0.32222360372543335 1.1463162899017334 -0.6560236811637878 0.9128775000572205
-0.7540340423583984 -1.536606788635254 -1.6101536750793457 1.0276470184326172 -0.7889146208763123 0.8342142701148987
1.2972079515457153 1.366385579109192 0.4253213405609131 -0.07055355608463287 0.3073164224624634 -0.02463040128350258
1.3874104022979736 0.9960267543792725 -0.8795359134674072 -1.5181025266647339 -0.7050483822822571 -1.5516493320465088
-0.2388143241405487 -0.445414662361145 0.37285396456718445 1.084316372871399 0.08119532465934753 1.0325597524642944
-2.1216142177581787 -1.4143146276474 -1.1757667064666748 -1.1993799209594727 -1.1943528652191162 -0.5500394105911255
0.9510053396224976 0.7839749455451965 0.3439394533634186 -0.7216143608093262 0.4431057870388031 -2.1390817165374756
-0.3858415186405182 -0.6971502304077148 -0.9328080415725708 0.010077529586851597 -1.019452452659607 0.8734508752822876
0.8465741276741028 1.2893599271774292 1.280502438545227 0.3742437958717346 0.9410561919212341 -0.9839902520179749
-0.1574719399213791 -0.9153451323509216 -0.6332642436027527 -0.6332656145095825 -0.4089384973049164 0.565667450428009
-0.4967554807662964 0.05396442860364914 -1.1107875108718872 -0.6949833035469055 -0.4705282151699066 0.9024704098701477
-0.28772950172424316 -1.0213710069656372 -1.4740482568740845 -1.0108805894851685 -1.101758360862732 0.4851102828979492
0.9697360396385193 1.117614507675171 -0.03949746862053871 -0.8787564039230347 0.04079855978488922 -1.4503570795059204
-1.1213934421539307 -1.1503957509994507 -2.007866621017456 -1.667581558227539 -1.223160743713379 0.29954448342323303
-1.4555680751800537 -0.6901363730430603 -0.4158839285373688 0.37557798624038696 -0.7157424092292786 0.2859187126159668
0.33976370096206665 0.015464157797396183 -0.29171067476272583 0.25623488426208496 -0.46950241923332214 -0.06325564533472061
1.122746467590332 1.4012179374694824 0.7818397879600525 0.06517509371042252 1.0988397598266602 -0.015454725362360477
1.1548227071762085 1.2706172466278076 2.1222755908966064 1.5640473365783691 2.2973406314849854 0.9671599268913269
1.1578949689865112 1.5264688730239868 1.7638040781021118 -0.26572519540786743 2.0632054805755615 0.8052859902381897
-0.5957633852958679 -0.1970861256122589 0.01624428853392601 1.5038796663284302 -0.4986943304538727 1.6312450170516968
0.8608346581459045 0.5703518986701965 1.2324986457824707 1.266524076461792 0.9215347766876221 -1.1795177459716797
0.05149717256426811 0.22302919626235962 -0.09978555142879486 -0.23537689447402954 -0.6110448837280273 0.01359468698501587
-0.6511967778205872 -0.6112242937088013 -0.9703548550605774 0.016317371279001236 -1.0963329076766968 0.7851228713989258
1.2838122844696045 0.5819072127342224 1.0767263174057007 1.2760405540466309 1.2114574909210205 -0.929905116558075
-1.1229755878448486 -1.6391615867614746 -1.402960181236267 -0.06710711121559143 -1.0465991497039795 -0.06218274310231209
-0.5687666535377502 -1.513371467590332 -1.1704869270324707 0.41318386793136597 -1.002606749534607 0.31231141090393066
0.07772987335920334 -0.5761525630950928 -1.13718843460083 -1.1171725988388062 -1.015619158744812 0.5970643758773804
0.3490714430809021 0.9282169342041016 -0.9741782546043396 -1.386063575744629 -0.6976456642150879 -1.9828896522521973
0.739504337310791 1.0211480855941772 1.2172671556472778 0.7079854011535645 1.3330049514770508 -1.1355440616607666
-0.4264413118362427 -1.0408587455749512 -0.2126719057559967 1.3071764707565308 -0.2063814103603363 0.809502363204956
-1.532779335975647 -1.4164197444915771 -0.8858489394187927 -0.0869346335530281 -0.4495951235294342 0.16856923699378967
0.3569539487361908 0.6591748595237732 0.15302860736846924 -0.5260488986968994 0.13610996305942535 -1.458982229232788
1.1207598447799683 0.945604145526886 1.7999677658081055 1.030370831489563 2.197448492050171 -0.3422839641571045
0.6452831625938416 1.1687124967575073 -0.7523447871208191 -1.4341979026794434 -0.8649163246154785 -2.4636197090148926
-1.1907649040222168 -1.4497313499450684 -1.3417648077011108 0.41716787219047546 -0.8261070847511292 0.3396924138069153
0.21731603145599365 -0.9139101505279541 -0.7465386390686035 -0.9427751302719116 -0.6007551550865173 0.41843080520629883
1.592861533164978 1.2948006391525269 -0.45179587602615356 -1.382558822631836 -0.06610606610774994 0.0300415251404047
-0.09808211773633957 -0.2535046339035034 -0.7479408383369446 -1.201289415359497 -0.7059358954429626 0.39492952823638916
-0.330901563167572 -1.259427785873413 -1.660033941268921 -1.686631679534912 -1.2982661724090576 0.15001779794692993
-1.3777501583099365 -1.7197538614273071 -1.1671725511550903 0.031110631301999092 -0.7841405868530273 0.2386985421180725
0.2191818207502365 -0.31608346104621887 0.3149484395980835 0.33278688788414 0.5370530486106873 0.9345261454582214
0.5920037031173706 0.814941942691803 2.52791690826416 1.7073510885238647 1.8029080629348755 0.09068679064512253
-0.7287647128105164 -1.4204130172729492 -0.844903290271759 1.397225260734558 -0.5222493410110474 0.6668990850448608
-0.4626980423927307 -0.9420715570449829 0.5955337285995483 1.4400367736816406 -0.08923006802797318 0.806658148765564
1.021697998046875 1.5232144594192505 2.0504021644592285 0.8617135286331177 2.3238608837127686 1.0670291185379028
-1.4115519523620605 -1.7195907831192017 -1.2259786128997803 0.5657815337181091 -1.0439445972442627 0.06757273524999619
0.05217289924621582 0.6247094869613647 1.3735146522521973 1.1036765575408936 0.4054718613624573 -0.27156496047973633
0.3172813355922699 0.016565846279263496 -0.4481097459793091 -1.2557858228683472 -0.356681764125824 -0.4865958094596863
0.3000943064689636 0.902606725692749 1.3042486906051636 0.5217499732971191 0.9566489458084106 -1.323217749595642
-1.5774712562561035 -1.4399173259735107 -1.0631413459777832 -0.8968179821968079 -0.9251028895378113 -0.35244905948638916
-0.2605358064174652 -0.21165570616722107 -0.6776572465896606 -1.0583326816558838 -0.7806570529937744 0.4990908205509186
0.2899645268917084 1.078160047531128 1.3463599681854248 0.1808655709028244 0.8049070835113525 -1.6966313123703003
-1.0370107889175415 -1.0985440015792847 -0.1372537463903427 -0.34104594588279724 -0.5847720503807068 -0.2797969877719879
-1.217466115951538 -0.5871883630752563 0.00550854904577136 1.1633507013320923 -0.5368840098381042 0.7730321884155273
-1.4436649084091187 -0.561151385307312 -0.10883186757564545 0.8235530853271484 -0.8841511011123657 0.3864491879940033
1.19509756565094 1.3894435167312622 1.9106595516204834 1.3503365516662598 2.5636072158813477 1.0995593070983887
1.5651977062225342 0.7567703127861023 0.2424023151397705 -0.6537802219390869 0.5925090909004211 -1.180087924003601
0.14705823361873627 0.7630510926246643 0.4428052604198456 -0.4542318880558014 -0.02963867224752903 -1.6543445587158203
-0.1605328619480133 0.6122897863388062 0.7396876811981201 0.8170963525772095 0.42485883831977844 0.14912323653697968
-0.34267738461494446 0.12771117687225342 -0.6136895418167114 -0.766384482383728 -0.5802008509635925 0.29251378774642944
-0.8174005746841431 -1.6105002164840698 -0.37821605801582336 0.19804179668426514 -0.48684966564178467 -0.37234413623809814
-0.9792513847351074 -1.7700804471969604 -0.6848543882369995 -1.0800689458847046 -0.6712990999221802 -1.0837328433990479
-0.701897382736206 -0.9111567139625549 -1.0705708265304565 -1.5786492824554443 -0.9557839035987854 0.1718066930770874
-1.1739583015441895 -1.503535270690918 -0.9971950650215149 -0.4726302921772003 -1.1198102235794067 -0.367482990026474
0.8627844452857971 0.9577475786209106 -0.6647388339042664 -1.2533679008483887 -0.5831918120384216 -2.2784221172332764
-1.767932653427124 -1.0394084453582764 0.5468109846115112 0.8161053657531738 -0.4928450286388397 -0.15299655497074127
-1.19305419921875 -0.7365996241569519 0.8108066320419312 1.181978464126587 -0.32251763343811035 0.6790182590484619
0.21393395960330963 -0.5575554370880127 0.017268233001232147 0.4709358215332031 0.0951787680387497 1.255706787109375
0.06376855075359344 0.5470120310783386 -0.4378197491168976 -0.6400832533836365 -0.33233943581581116 -0.8750293254852295
0.8660547733306885 0.12716436386108398 1.0162944793701172 1.0959371328353882 1.113118052482605 -0.3822050392627716
0.752743661403656 1.1010615825653076 0.9409433007240295 0.18742285668849945 0.6296337246894836 -1.472827672958374
