1.906037225498559  3.2094200020403383  0.2583455256046086
3.171441937073277  2.620027864716622  0.007376797178480615
2.060360337955805  1.6390508688598557  0.16734669611847328
0.31456327178586996  2.030186112594153  0.43999545767541787
0.8060029415498864  3.0803866315422592  0.6266489132237263
2.773516360663897  0.581433900315754  0.008820391111036783
2.6501595898703396  3.70537352651952  0.024755945304672854
3.0906626780593274  0.8098577812138008  0.0031159821953170453
1.1645513908486502  0.7053079570355152  0.22015468348659564
1.4359128882513401  0.97072710648172  0.23368702143133194
3.7646435302050274  0.32877088551693623  8.103607333159671E-5
2.9618049262854256  1.5305158782082748  0.009957418611357516
0.9230771122136443  0.3216384831755894  0.16720892363693787
2.2188059935333917  2.981511417595394  0.15811105220190388
3.753465199712793  1.3528426954790813  2.0260972345587013E-4
2.461889723233073  3.2189133244936463  0.06872757075417293
1.717667670258051  1.405407898510607  0.2491408372123074
1.9066886366301992  3.0902366283120513  0.2838546293964551
1.8286374332579265  1.2543699276210334  0.18289913066450136
1.5559794021463325  2.3179146513781843  0.5953004269030443
3.6614329507568746  1.257029549835217  3.056721255652867E-4
3.6656940005576373  2.2651018523925797  6.534783109935266E-4
1.5790645568667996  2.147549683317306  0.5400247573684765
1.6173629778002923  2.156536786956096  0.5182863304053144
3.972007187639532  0.4409912366804991  2.68158612020765E-5
1.0866495189047547  1.3247739560845093  0.38452533622801455
1.4575055022295733  0.3219734334166682  0.13646871323014823
2.9337237670274585  2.857469816726655  0.01790277591887512
2.656748487377153  0.41198420166149674  0.011557976425168738
2.9914235881071254  3.12908253287074  0.011877510812789647
3.4466326321207323  1.490127055922006  0.0011323639131378663
1.5047372627565103  2.1596297916730056  0.5890501369384668
3.862691061929659  2.49171146848654  2.3001203576371722E-4
0.8059126338888745  3.389577428801616  0.48360747520264463
1.8178838626549072  1.5664569243180053  0.24728635391803502
1.1317119377671063  2.265008539014064  0.7829709561790326
2.517837363495426  2.6479984921513395  0.08173767912086088
1.353792214211837  3.1593053296407145  0.5397667650562553
2.2288338515073933  2.882080669567073  0.164119707164812
1.663162435471245  1.3147802340264572  0.24730830046933325
2.534908448880555  0.566731253764559  0.019200695883160174
1.600940617581462  3.1310999895062874  0.4360221737593167
3.361844837321149  3.829990963903307  0.0012728529845323449
3.7484898816630414  2.606237258178937  4.325210648835301E-4
1.1182017248172458  3.773700815542718  0.34940321451646356
0.8887858726579605  0.32110380569993735  0.16606857948482426
0.5652217896852267  2.5108707677088673  0.6897320279583006
1.6087365724765053  0.885392737988778  0.1813384154657075
3.460104957212711  2.3114608982643916  0.0019043202052160158
2.7536427907739167  2.057184321867143  0.033076393196066145
3.723548000515144  3.045930401913889  4.0087083065718356E-4
0.8224005177627141  0.6551377454473806  0.21048053597358726
3.4433505871124455  3.426048786822817  0.0012414366327762544
3.5968698543953592  3.475741859257286  5.474911715674032E-4
1.9151689276673016  3.019767509928549  0.29437399624377975
3.9803379678630053  0.36278460691616443  2.4066589830182793E-5
1.0138294927038753  3.025918002381775  0.6771066686938031
2.60236921584231  0.8822617734953537  0.020099264786794455
0.8617537269849391  0.8044053721444335  0.24075080734686374
3.1003569880918276  1.491313413557544  0.005473391992143647
0.780254551467368  0.898256890508784  0.2530444220118659
3.130010753898161  1.2150487488209363  0.0037550615684558844
1.7315881680937926  1.1715492051497893  0.19749844083485069
1.112659218902707  1.151423519728373  0.32709499860315594
1.2474394708518433  1.3623067040517776  0.37709698249461554
2.431271311633991  3.6866200220737606  0.049432512135802895
1.9827301491274314  2.999416556195879  0.2626534276836207
2.0684549511795023  2.692822636702116  0.25809409817119405
3.256553525248412  2.2797441889664403  0.004922263698530107
0.7687572765132025  0.5305304997320714  0.1866443767172736
0.8148396251023198  3.9103941476104747  0.3029891994366912
0.49344283481161444  3.0434677209759893  0.5173864255700751
1.163092336834897  2.100588202474788  0.7162414105754892
0.8104765515998786  1.8574290142314673  0.5981274797469659
3.001804224301312  2.1918229538101763  0.014041892881784177
3.8098601544036437  1.8319395948614239  2.2625513243531455E-4
2.0217657656890937  3.580451094324626  0.14870558855065336
2.140876955447694  1.8207292275598017  0.1637742810956278
1.031148762187791  3.6442047727631706  0.3981461855577682
3.417263464999323  3.611476983373487  0.0011906380888939514
1.9803033100681033  0.564724060351931  0.07734875581285645
1.7317256622017925  3.4366736508621765  0.28181086863575744
2.2653948745756023  3.219151051771232  0.11743073937266274
1.1537525401391222  3.4517475503405066  0.4637793410531638
2.3927269089090792  2.878764532593702  0.10699870661811611
2.3284062619176153  2.275361352456927  0.13694488995954687
3.622413046994208  3.4665348909460665  4.831723044567278E-4
0.9176260252388819  1.9283246567796133  0.6505300217141016
1.7852135449727227  2.001679053236744  0.3727053285398025
2.3990953318886534  2.002762355171693  0.09757541749930072
3.8806109269680613  3.5499236847074167  1.0816581347193035E-4
1.7429254109425236  0.4169350101299574  0.10395668196563851
3.930854067832995  2.8130780947469747  1.4327510416616007E-4
3.117832643078768  2.8079635701663825  0.008707213624034026
3.3105253775256016  3.60646601510253  0.001981191696494317
3.743162265470304  3.941688373646602  1.6454694449457422E-4
3.632470308513347  3.8760376420227423  3.161807658198403E-4
3.3205713464670166  3.245533715109471  0.0026110896491576647
3.2994456730473867  0.3993693667509426  9.005785083230004E-4
3.4814557477208945  2.778576050866652  0.001657226994079283
