0.05  10.05  -2.9898388172144995E-5
0.15000000000000002  6.05  -4.4073645781158834E-4
0.25  6.05  -0.00288121256032676
0.35  8.05  -0.026404242531434096
0.44999999999999996  8.05  -0.057584757561450504
0.5499999999999999  6.05  -0.034451626215011064
0.6499999999999999  8.05  -0.14924360987129667
0.7499999999999999  0.05  0.3247247637174587
0.8499999999999999  6.05  -0.0857507755687175
0.9499999999999998  10.05  -0.4873600613605002
1.0499999999999998  4.05  0.10391454568040484
1.15  4.05  0.11252389325433945
1.25  10.05  -0.6054777911772236
1.35  2.05  0.31824348683435943
1.4500000000000002  10.05  -0.3807034313101915
1.5500000000000003  8.05  -0.04907695197124553
1.6500000000000004  6.05  0.0770643413778849
1.7500000000000004  0.05  -0.9481048673783871
1.8500000000000005  6.05  0.34745378073851574
1.9500000000000006  4.05  -0.45473471032493984
2.0500000000000007  10.05  3.1234373032456175
2.150000000000001  6.05  0.770289100697172
2.250000000000001  2.05  -2.389346028581002
2.350000000000001  10.05  4.236490202853567
2.450000000000001  6.05  0.859621494901702
2.550000000000001  4.05  -0.7163441852423523
2.6500000000000012  6.05  0.6873310425529985
2.7500000000000013  4.05  -0.5055466827271063
2.8500000000000014  10.05  2.0092972425698687
2.9500000000000015  8.05  0.7933894772132443
3.0500000000000016  2.05  -0.3640452365773819
3.1500000000000017  10.05  -0.0568675598067887
3.2500000000000018  4.05  0.13759171929849867
3.350000000000002  4.05  0.2642738315263874
3.450000000000002  4.05  0.38961729865091604
3.550000000000002  4.05  0.5093949649153122
3.650000000000002  10.05  -3.275751559281823
3.750000000000002  2.05  2.1758297897968633
3.8500000000000023  4.05  0.7532308842562695
3.9500000000000024  6.05  -0.8471355474961875
4.0500000000000025  10.05  -3.9182053272615467
4.150000000000002  10.05  -3.546163243004066
4.250000000000002  0.05  2.93724518065237
4.350000000000001  2.05  1.360907866086813
4.450000000000001  2.05  0.9445320693429067
4.550000000000001  4.05  0.17462835789453707
4.65  4.05  0.060361689411237
4.75  4.05  -0.031855890051546425
4.85  0.05  -0.5198496173465704
4.949999999999999  0.05  -0.7565678726726327
5.049999999999999  2.05  -0.5366159676064292
5.149999999999999  0.05  -0.981815255780318
5.249999999999998  6.05  0.2181992879290746
5.349999999999998  6.05  0.22481949290181139
5.4499999999999975  0.05  -1.0823053657800679
5.549999999999997  8.05  0.6725120729969617
5.649999999999997  10.05  1.0969095192333769
5.7499999999999964  2.05  -0.6074945160453507
5.849999999999996  8.05  0.5628304013580231
5.949999999999996  0.05  -0.7548812794002622
6.049999999999995  8.05  0.3394352429640952
6.149999999999995  0.05  -0.317665696287718
6.249999999999995  8.05  0.0476154867749247
6.349999999999994  8.05  -0.09046776424060468
6.449999999999994  10.05  -0.341151879995146
6.549999999999994  6.05  -0.10012403586065617
6.649999999999993  8.05  -0.3419173610385405
6.749999999999993  8.05  -0.36156488726254754
6.8499999999999925  4.05  0.11089739316454685
6.949999999999992  6.05  -0.11486048527959627
7.049999999999992  10.05  -0.5010448932299001
7.1499999999999915  2.05  0.260519750582126
7.249999999999991  8.05  -0.23739162120383617
7.349999999999991  4.05  0.06454578634994965
7.44999999999999  6.05  -0.06091900557307556
7.54999999999999  2.05  0.13877963157158768
7.64999999999999  2.05  0.1004908123179036
7.749999999999989  8.05  -0.05664917472261825
7.849999999999989  2.05  0.0022056846737268294
7.949999999999989  0.05  -0.091655217500493
8.049999999999988  6.05  0.03964693988073183
8.149999999999988  4.05  -0.05249044013188753
8.249999999999988  8.05  0.21152570217190345
8.349999999999987  4.05  -0.07487199714533448
8.449999999999987  2.05  -0.24486582226939332
8.549999999999986  4.05  -0.07789628396618262
8.649999999999986  10.05  0.3861905570267636
8.749999999999986  6.05  0.07094420221396644
8.849999999999985  6.05  0.059428015560677686
8.949999999999985  0.05  -0.22198209348178416
9.049999999999985  6.05  0.035004586166299624
9.149999999999984  6.05  0.02389394588405217
9.249999999999984  2.05  -0.03957057863859873
9.349999999999984  4.05  -0.005059049513701217
9.449999999999983  8.05  -0.005109571141260165
9.549999999999983  2.05  0.023020832099379118
9.649999999999983  4.05  0.012554606865897974
9.749999999999982  10.05  -0.09060471033002675
9.849999999999982  2.05  0.06454479646873439
9.949999999999982  10.05  -0.1254060435076655
