2.2728027622852887  2.5660770029031963  -3.8432967278190144
2.789422635670209  2.4094411918974954  -1.5392494928226024
3.4196885683023615  4.333366249488353  0.6094669621972663
0.39694634110891314  2.889617752517836  -2.2463743246394388
3.141315946613227  1.3916437148820255  2.9584814218277085E-4
1.615982005646927  1.7136384044045636  -0.8532690871088991
0.033843197357210864  2.0441330614931292  -0.09254862346147527
3.104649173630138  3.8768225182470273  -0.1643632916370585
4.645470911807475  1.1340357458693655  -2.532357610543408
5.386012311780378  1.7264608776357522  0.7270286954452887
1.1968847899410437  2.767265590396101  -5.1986648560753475
4.751540159873337  0.45866511974439095  -5.375743256889933
1.5096070358088465  5.479986232144481  4.158652203555923
1.0585706106997013  0.5798530116929328  4.375066376413561
4.766443406298096  2.2291441896285007  3.6655034319828417
0.8699462928369965  4.210602934407048  -2.2057174822034855
1.4750241415611043  3.3536174540408146  -5.838760735447604
5.6554095564839475  5.646063660747853  -2.832692595262857
5.328310965535838  3.3218405439043632  4.818104763627078
2.2184846957251407  5.435462526796031  3.1661206114278135
5.302904925365924  2.935911138729651  4.87887012727177
2.6743743766640664  3.5499745975992036  -2.480191490154185
5.523847832813999  2.083108379683678  2.024817152820696
2.947518334293578  5.963552493184065  1.09854124252579
1.3389115791945423  1.0880534836826834  2.7107143649163294
3.36432361017624  5.509239186744729  -0.9478444792063105
5.340401722512766  4.2907898852003274  1.9868370573839427
2.1883615051460046  3.371741286685923  -4.762761480294843
2.3713289782475977  0.31995237431197876  3.9659179101029096
2.3019443145763256  2.55710197965154  -3.724989149851821
