1.346648272548497  2.1118953456571816  -0.4438440328809521
0.4065782592736861  3.1818738022313786  -0.07096560344125646
1.5214164996262998  2.936457276664068  1.0624662678357963
2.9052190440002073  1.4368423887612523  0.8066336565178416
3.290756182843855  3.171351483861671  1.1587413124385813
4.823610247993105  5.267593357380707  5.864053787448505
2.8637069155344315  4.674415057495025  -1.6152074032578025
5.769877872278319  1.901696659137991  -1.9592877115728107
3.6085475588116798  4.575194193157568  0.5120536452173362
3.8478116257528203  0.9247725403075837  -0.8571727252834318
5.406007256112585  3.3125343062532138  -0.8939373212618135
2.3760586844853844  3.9282808796340483  -0.3467837674704177
2.3709805969959534  0.6223405905479691  0.0877381011234859
2.2282617392095077  3.929559380747495  -0.4684193129962453
2.445810916343282  1.6316196456262795  -0.26876078530085934
4.471547984104097  5.587859538985986  5.169609599396937
5.166943393362692  0.3470082783585359  -3.947601238232661
4.593416596298439  0.2945319558684231  -5.929240391275487
4.573026059998576  1.8158909821518685  -3.761579670093969
5.250339633683374  5.275169670485547  7.119347602882578
1.54348416651713  4.2167467369131675  -2.787488140935329
0.7917908291769247  0.6466536397170657  3.2527462995136993
3.713062345503319  3.8271566412314213  0.6889641326116516
2.301168529152929  5.006651259005204  -3.382928333167187
1.9744294972171488  5.041320184299343  -3.8105052269285737
1.3841806479028862  0.5249260189452054  4.656078225442258
1.0260304134130565  3.776063431030757  -0.29626472286223926
1.103429194112612  5.926309631003958  -4.256182622087193
1.6080612087733435  0.22104269504650004  4.620634488056881
5.326673644516524  4.319604278909675  3.893126845341659
1.2515985255137445  1.0547665072413601  5.343390633636002
2.190779071395367  0.9940024574948696  0.12778893343792808
2.3941317703175202  1.1565276008704566  -0.8617776875944543
4.592673749203953  2.3775704468647523  -2.631510788605746
1.5323984429004254  5.282469293315324  -3.303698417599078
3.6554602357652635  2.977428076437831  0.6753512420493948
4.2276096561603635  5.02266827285557  2.944392898176265
2.3786583323383534  4.7886969352144  -3.0267037626213886
0.8797415311630166  0.08989946694728963  5.454685846790603
1.4066104531468806  2.2030763561560462  -0.7274590847792528
4.471153323429847  4.178033203470982  1.9006326735161685
4.622363473976535  5.545767059338997  5.770866547782849
5.26376131628226  4.43088862270258  4.2752403043132166
4.52356486530241  4.042888275162507  1.6338137485501767
1.630422529442131  1.2367099241039672  2.9380948799582884
2.8335823659625836  1.1357508795779332  -0.0857578869538006
4.815956825306549  5.458839273011663  6.3221438402277865
4.160388015341439  2.8223529252006845  -0.58165833780832
5.055946811666805  3.272998945420378  -0.8276563234556796
3.6967439520526373  0.17297295504640914  -0.13565354937947083
1.8254740877010445  6.0429673378396025  -1.646450760989237
1.7606068026464283  4.732257727094883  -4.142187036053487
0.33237648059283836  2.76021305648368  -1.333071110613386
3.550922831494684  1.424939629418937  0.9629830385364279
5.091319702342433  0.7238205091001626  -3.919635968752265
3.8313524814320257  3.4102901636597758  0.5396742147396383
3.4905544826977195  3.6631997065962523  0.6668170696446458
5.686917687716288  0.509330527854593  -5.9231368835482545
5.761060941497997  4.319681057598077  4.711133455165831
4.20385067359062  2.1301726448535074  -1.7911475213857875
0.339956085943325  2.6100624831082886  -0.8238790414193533
3.422518244738642  0.6558907645921668  0.881106917994206
6.042425744730392  5.495072394065249  7.76688188700898
4.572436858824465  3.9950008767366745  1.5588526961195877
0.06865029538408547  3.2619161805049863  -0.29250438918201005
4.126066258134814  2.2296971348011714  -1.3100669429549903
5.117575208870037  1.3896949385568964  -3.854946807857075
4.157005108293387  4.177934840215238  1.4187427175619707
2.7950501787960382  2.8803712237339187  1.9755680676983967
0.7548985927377903  5.202504083119714  -3.5660528305660106
2.2206826825414887  2.880730753439427  1.918523443077258
3.5740353201145725  2.0873802251595475  0.9311752485183842
2.980324834825604  1.6608022551813368  1.3989216249047958
4.0592485195416685  4.436610925720632  1.5734593280937474
3.157808205708016  1.2135606094815188  1.1456391026895165
2.4290769155038685  2.355280638236211  1.4268374336736813
0.5224582317569084  3.6553119835068646  0.2395476413091009
2.3736606742124  5.510924930677303  -2.836977381837122
1.553922409482372  1.5855524245698307  1.3086533520465324
0.758802105110647  5.7561243506288  -5.062240231045772
4.95254751366573  3.052666278385458  -1.466775304333015
0.8769638089472482  4.87163097608197  -4.788070511120708
3.8052876678926233  3.804683452127441  0.7240444081495514
3.253475144636117  2.5607574404430578  1.647300936320831
3.44104365909366  3.213331113213504  0.9454489202865283
4.348327891875217  4.330110096617152  2.0228912050099948
5.096268891352653  0.3693716590885418  -4.02715231101946
2.1809196692655917  1.4130745923542145  -0.700137528226606
0.29624620449644773  0.17610266948756176  9.634467426973643
2.7809164892152065  4.358488367035284  -1.1441183865185132
2.9080007712232248  2.228001278453043  1.9398235833658173
0.11080100913772202  0.589146799502895  8.252517587223648
2.299473435176921  3.3586830892205457  1.5225196950398132
1.7361300956791184  5.248424228102398  -3.461962108043008
0.20220139093148387  2.076234174858236  4.291744580873847
2.9032706773324546  3.4573282693299188  1.0770520722512782
0.5709397319844445  5.867911435665799  -7.20971611594411
5.030420800495659  4.001487024784399  2.036504607886992
0.9067805900062726  4.337310112260727  -4.527498276638201
4.978762259752534  0.10436993970240556  -4.48574988019222
3.6974785300289974  3.2162197291457866  0.6205982599274835
2.243142138239758  5.809703573989333  -2.0509656446264217
1.4607485217345015  3.945148823418923  -1.1771596331898524
2.625953112571173  2.4265495151617813  1.8750440319276844
2.577862073157359  2.3092435300225738  1.6358871020194228
5.617882857591129  4.162590829173211  3.5635859141800283
5.994293529577096  0.7121744149624825  -7.391020126593031
1.032648651675638  4.506315256196803  -4.958777201506108
0.8535754968098439  2.325375355394759  -0.24998542420086278
2.2012184849232446  4.98222559117772  -3.5450669573497926
1.2257527781546191  0.41339221215098493  3.586234900545676
0.8395758272327891  1.8039216318336764  3.8060851634757693
1.8925147226523955  3.5514090280995685  1.0107836273543978
3.5217968339968007  3.7406340601669865  0.6338842271366584
4.350563949276177  5.7553605480291665  4.875805674830352
0.3198068706828276  5.590023593248536  -6.105129828314924
4.080184740445225  5.369282971969629  2.7784135793666467
4.759160796405843  0.25402144858284864  -5.417439159638564
5.07814038387559  0.12330405670958351  -4.255367615129925
3.7767722400270127  5.129175209186442  1.1550791121022463
2.64758611606948  2.407286552135006  1.8782772208341212
0.18569346859199792  5.776094866063644  -8.75647674387651
1.5409752545895956  0.41172951541861064  4.907503543299127
5.4315514281222805  5.395669359201556  7.6454718712324805
4.427084863453433  4.374960029180196  2.281096991290927
5.686556764968917  5.127967502758042  7.607960652527488
5.056137402472835  0.3435121345208571  -4.143092737080259
4.935368299305333  2.562131911874044  -2.7966397231685254
5.777173897678982  0.2942691761075839  -8.110181945920209
2.3714786062766544  0.9048659163898076  -0.5764740480768626
0.6626833620503438  2.4695279126522833  -0.6058955728315967
5.695950113368086  1.1477756476956706  -3.009069554727007
3.4541378582163325  5.720501568575844  -0.3786381004666748
5.6887274352604775  5.290096311896426  7.799229245020889
2.989365834503376  1.5155231396800026  1.195199297265619
4.446644339915349  1.5471991193439156  -3.880027609885704
1.4332489703296616  2.1146884148579246  -0.5968965168938469
2.0355984333147763  3.684463219717677  0.5017140029347534
0.32538159209279377  5.905012812911241  -9.084068164515164
1.9149212735825607  2.682099411210002  1.1121006231090247
3.5942255699312335  2.7852163275949144  0.8187849936584871
1.6312196367576637  1.2245616082118047  3.0044247685462673
5.772760153261047  2.1366171030476093  -2.0718855763277526
2.0621264607202137  3.727256259379158  0.3264767775926467
4.785297784359129  3.7596490716403954  0.9809431118271472
0.37646952101000813  2.3161077610958563  1.4331026047932058
1.052352491125655  0.23135000855942217  3.4051271545668156
1.169078693067537  3.258625616399322  1.254133638699275
5.067333048855548  0.578645965534968  -4.02916106301538
0.5722834855740244  4.54869667784037  -5.6644756366168325
5.916240462190425  5.68998333191325  7.6512970690731965
2.032345933151748  5.755366187906742  -2.0516292575892354
1.9140817586489836  1.3222152509951066  0.5372605560796619
0.701610919620572  1.7861198217430636  4.493192864474721
4.187746308567961  0.31272227723816254  -4.468381015433376
2.713764605405853  0.15910736608543358  -1.135120588746246
2.806717383237884  2.1844036608926487  1.8131264127772213
6.001768230084653  0.8416027587337742  -6.55737609556014
4.206079909816175  0.833034147214677  -3.828118662458029
3.6510035641921643  1.1527521426849876  0.4735133397586302
4.0104488154119675  4.60588545219355  1.6353265387811404
4.262916282028265  5.950060859215285  4.706748435925557
0.8960223900726507  0.6045837381787207  3.2445050640895667
3.48970585071402  0.9675888163036279  1.0041700032974257
2.3580977656580213  0.35476772662480277  1.1106282308178392
5.184879482553414  1.2397053410633705  -3.5886993407092316
0.8139037521753296  3.5548364737453815  0.7638742488042936
0.7379781052982439  3.8614771551496956  -1.0753927702748673
1.590137844103087  3.014292266874958  1.366615123244022
2.7085024097025716  1.5830633918406085  0.4532805865199334
4.339490217548865  3.2810015723355  -0.10695363315759632
5.271731699550522  0.9323497061092307  -3.319832368955907
3.2128073064191813  1.091972617756791  1.0997016414185654
6.009229636020347  0.5727157405653669  -8.438513623238737
2.6892580115335534  5.5135956390890595  -2.612811431908689
2.834612367308582  1.6402626482360902  0.9881895945715565
1.9355108525246265  1.4080649984581948  0.08877442774107869
4.299573496875617  2.919783542114847  -0.7402187124830768
5.619889620561853  1.210017282783695  -2.7266618713587962
0.9789907250853653  2.3077075685850392  -0.44295973294672075
1.5358406926861616  5.55212846283782  -2.474323021309099
5.233623927488219  3.3134353376083903  -0.7984479436387928
0.5716851660764197  4.2651309449754145  -4.649856874105891
2.384720290271746  0.9518842220430277  -0.6954083664484294
4.475151430046313  5.014793632672671  3.8995503040897446
0.5407360796610281  0.7074167275556948  3.791566830748494
5.569946308576297  2.237970601826852  -2.691480023556368
3.170104574523065  4.074116932492985  0.059771153981744846
5.749737625867454  4.107712790070251  3.4206302278333176
5.537015243067326  4.114840433558482  3.1795598720295044
2.4582434335487586  4.593280183115328  -2.4479214431223784
5.674746884800085  2.4905822045228367  -2.514355961657571
4.312267365550918  1.9780306439502922  -2.521639871044325
3.372205351840406  3.2952103937493025  0.9662122951327868
5.980840326372168  2.7437191600312554  -1.9792364066999761
5.246694814390648  5.935000197202823  7.926652873745407
5.93523895225439  1.904566876013733  -1.6319770176577166
2.2660693661582645  3.207883999635934  1.8086177127357856
1.8624088269689434  1.653169932297309  -0.37604718811617266
0.8065214775675724  5.997924119697042  -6.769861662931791
1.6128340333697888  5.631267860027876  -2.28305240691145
2.5723370046842957  4.783915216860158  -2.5623887167387074
1.351524699686013  5.9236937602783035  -2.9641430238745357
1.3887225335256692  5.988751233777056  -3.0424499649205288
1.5096516196193208  0.7493381078134551  5.296327091796593
0.2797747925119551  0.43345383446092284  8.27305181675267
0.7002957854319698  0.13829001579731764  6.931528234853906
1.4760424807476125  0.5155574105405609  4.964786174840019
2.064416523929067  4.082827328193619  -1.3323420140155868
0.5189249396069813  4.758608893855581  -5.323527416567649
1.745833169807799  1.7687259930339725  -0.3559552325992408
0.7450760290096394  2.9743466183623077  -0.33327883334024366
1.1438628169541005  1.6633029773240715  3.2428421300198047
2.789536265148029  3.181922824337046  1.6340411132349828
4.140134976982909  5.182308642959494  2.8179780417027067
0.8317279936319297  5.7232885408545116  -4.437991663985406
1.1166083393651203  2.197601751498178  -0.25846357801602204
0.9577004862369274  1.628332025465946  4.407150605480984
4.843312451343404  1.1935856666418942  -4.729087442523067
2.902845141294778  3.4890021085981155  1.0159542032728084
0.3789370607662876  3.9385099076078856  -2.0182450522387656
5.593189416325164  1.0137294366617353  -3.1528280559566415
2.2509457306034797  0.206566390482463  2.781489346818372
1.1855730043250488  3.510927305008531  1.0353115738195349
0.21402351324286467  0.5615838406953026  7.6658073636608925
3.9264714630454582  3.0959732946722656  0.22176216066129134
4.769718671832077  2.280166264054104  -3.2131997440320523
5.158720111868038  0.07631333721035723  -4.338892282413286
3.90323743448048  2.0321794359052823  -0.4956460785526493
1.6013738367016845  5.234426599204263  -3.484494522688524
2.786339325008673  0.424187111890671  -1.3124431899752667
4.8506496008192  2.432332603983195  -2.9945243852224444
2.732779661711127  3.5151209995987505  1.015365210773907
0.4833380095165118  2.7818404506088865  -1.2701183016199566
0.7931129356906728  2.0952544245910314  1.648688688855244
5.615951786264475  1.583317573541074  -2.3228484549690744
4.951006219577171  1.1352973325738305  -4.448528810438277
2.0547015565486215  1.19763472635566  0.22555255899593285
0.9393929605808358  2.2117415614407987  0.17567662855767474
2.878385639629626  5.190099187145694  -2.2109263750020403
4.8314108368854685  5.840832767370647  7.201107399828603
4.387424018738361  5.5243563123296875  4.61602545229732
0.4714966993540643  1.0438228691388405  3.256695026352358
3.630310007593767  0.6849131578972731  0.42276482738797716
3.783342414627418  1.751341264634406  -0.041839809620984436
4.330159376740668  4.609339056748037  2.540326824845468
1.404529345737103  4.059402849122831  -1.9973826553271072
5.96906333278875  4.79931996416046  7.342285224421213
3.927144873473165  5.192129268270839  1.8589342615499314
3.380559713592178  5.381314916517507  -0.6037517241601265
1.3379213189382841  2.2187824544513166  -0.7006934781407135
0.6284801079323412  4.974075202906313  -4.397480072639513
4.712515270058764  1.1210751082058055  -4.991232404184667
5.735182168497658  0.6069657669466053  -5.774563268598073
5.582341589947133  0.3105299153371707  -6.083883725863428
1.3289720837921097  4.578863967613199  -4.637718937401729
1.0084862899014626  4.848267690051055  -4.816709647648373
2.218354061307868  1.8551381411723276  -0.3623855646856454
2.7090115185226384  3.7081323726330426  0.5298311397580617
5.822331884053307  1.5163049267197  -2.222077056092492
4.630549054933048  0.8293519207975415  -5.358567442904119
2.1878341043870466  1.8866767126875026  -0.36593771788679097
4.263299184063236  0.40161845483177333  -4.906393505404848
2.7476540381611203  4.618606403592831  -1.8074654190391881
4.49503876441154  2.881884013343302  -1.2279419940048313
1.0990951176606043  3.3655678846544212  1.2328287889391014
4.702838794406213  1.32044458380242  -4.763148525596039
4.842501188364069  2.2667492005961254  -3.3388109176180008
5.5030190329377415  5.429859364817919  7.756760000787228
2.1815360571471265  1.6523192740214716  -0.7037260522957483
5.626273553185775  1.8135542714866284  -2.3110774878038156
2.6686797637559088  0.8710475180485335  -1.003071189447604
2.8555074874200885  1.3249381308133843  0.4018720054015442
0.638914179259044  4.493232835716986  -5.5180863766828665
1.0520837434758235  2.6896219003426296  -0.7161207360769477
0.8147197285178791  1.248429419141433  5.054308363616439
0.7889943556097507  4.423748280342689  -5.103919673638437
3.9327767993936877  0.6594690547727815  -1.7378357973104621
3.887820616754847  2.4451088958609075  -0.145556582343227
2.527392750020728  2.515760068927661  1.862510476479636
0.6948175116746513  4.4190098913533875  -5.236620247530427
6.041651969309094  3.0175262103054847  -1.7603697356925492
3.7984231075233996  1.2198641567102015  -0.3582325981510863
4.902332178389079  5.890015515777125  7.479672845766343
1.2480650336738621  3.4280802995651127  1.2500216098262151
5.110244139706142  1.128002404411755  -3.856354924269214
5.438157991724912  1.6196125812005797  -2.809469809719446
5.129057682603595  2.7450999414410386  -2.51904562087254
4.5212849593364135  0.5358820176132935  -5.693656042065068
4.611865372809743  4.272232820205964  2.382269315112662
1.4540803875393997  3.8317840736799655  -0.4552864807135951
4.838436596209651  0.421583292941942  -5.02195010718509
5.09539347778752  3.870031758804485  1.5392870069213669
2.0438154609986534  5.796637451523439  -1.9453511651586735
2.799772798298432  0.435745269781002  -1.3007500297826073
4.340852836561543  1.619619830571851  -3.3013341912788894
1.904780828498759  1.8543503378720152  -0.6984515528884097
0.25941066668715845  3.842342877499704  -1.1962416923233672
5.716477295035208  3.9706058651880802  2.5357628726715453
1.4710866714115225  0.7267938847315318  5.29870533978854
