1.2059105961755043  4.976275287693173  0.18201828338012985
5.0736413843164465  3.290697896275257  1.4264928857451518
3.5595885337967603  2.5143715615186664  0.04658951640678079
0.9027753972528871  3.8290150176770377  0.9006760487758859
2.366318194896169  1.8234010048004854  -0.029099441671193566
2.450603194330623  1.0050500768850874  -0.5331076543617118
4.656326364848131  2.894217934676422  0.7172335322634481
1.3984275944741185  5.847116528333637  0.11705447972736953
1.6346014910788857  2.865994008158878  0.34151864722497927
2.5557942313042985  1.6922534328473984  -0.08890309096751552
0.13269533603043365  2.794806052747573  6.518716703033106
1.805284489104833  2.102224178844623  0.22114572641278385
1.4061383919469548  0.8239062590044974  -0.14059490596830143
5.422828021838446  0.3238806563703544  1.0042594393027897
1.5069586653914722  4.653078275661382  0.13155493934455273
5.35877968232697  4.878612930308957  0.45392313607166307
1.9032263327673218  0.581157182909473  -0.7319857143504235
0.15752343361720683  3.693382813611254  3.562627016771045
2.5877938984177407  1.433957672656502  -0.2222967173674445
3.8931906211379452  3.9085212953266755  0.020537266595003288
4.942621207089611  5.629760004972591  0.16231248229436596
3.0542456895485173  0.33965525626886056  -0.9186585794985342
0.14820303203705593  5.0601246102730775  0.7454588468173824
5.43700553528622  0.8511789295086847  2.341919737280858
4.213312602804046  0.8028768038966716  -0.5178456326942789
1.4931598518509104  1.5287164736813887  0.34250118177679156
2.730966843507315  0.7081167675337616  -0.7619231519792162
4.373351331234942  3.5238840893206382  0.2064124298899959
1.4433822680308421  2.2222874866827738  0.6177029039772987
0.2408940740363325  0.38596382000501833  2.5439628613315506
4.541636348010779  4.398669394552049  0.16207151662010547
5.88856821871306  1.285217651821186  6.460552313472514
4.473460055266031  1.6878981913044202  0.3763210132506868
4.837657801051517  1.0585888554269585  0.5589121983818898
0.7424789100745857  0.9556994565525505  1.7404206967793534
1.9613077553795566  4.8513376808960205  0.07435078610280138
0.8304691118092782  1.2272425391111812  1.7724109462289752
5.251904786647986  0.2623351279564196  0.4150801552931716
1.7557134043308273  0.2423179535715016  -0.8092684661263915
1.111334670731159  0.3946578839604042  -0.14153266983272728
4.90901923568564  0.2006678382548603  -0.28589182408077685
1.9191806966081717  3.728897283039686  0.054026999929342866
3.4167964678556926  1.6037421409369421  -0.1292432181763858
4.531505489373967  3.0300762527226297  0.49177074901307033
4.318982069845768  4.22313312139032  0.10553907165173375
1.6548396267401397  1.9198661364134537  0.30940732030045737
4.988439656377345  3.6559630469847626  0.8709922433032286
1.0681948882226657  2.7372734892379995  1.3764744912120475
1.34645227226118  2.2162746395097113  0.7776599372435629
2.740860953379311  2.9102348016141493  0.008754203108065356
